0 0.063281 0.130208 0.042188 0.047917
0 0.198437 0.129167 0.028125 0.045833
0 0.266406 0.261458 0.032813 0.060417
0 0.231250 0.442708 0.050000 0.056250
0 0.249219 0.676042 0.045312 0.060417
0 0.049219 0.696875 0.042188 0.031250
0 0.174219 0.813542 0.054688 0.052083
0 0.449219 0.606250 0.032813 0.050000
0 0.515625 0.533333 0.034375 0.045833
0 0.553125 0.609375 0.043750 0.047917
0 0.433594 0.327083 0.026562 0.045833
0 0.524219 0.326042 0.026562 0.039583
0 0.725000 0.564583 0.050000 0.041667
0 0.808594 0.452083 0.042188 0.054167
0 0.921875 0.433333 0.043750 0.050000
0 0.743750 0.681250 0.043750 0.054167
0 0.883594 0.707292 0.045312 0.056250
0 0.863281 0.097917 0.042188 0.058333