0 0.099219 0.110417 0.029687 0.033333
0 0.232813 0.122917 0.028125 0.037500
0 0.303125 0.265625 0.034375 0.039583
0 0.256250 0.438542 0.034375 0.047917
0 0.275781 0.673958 0.035937 0.047917
0 0.069531 0.675000 0.035937 0.045833
0 0.193750 0.803125 0.031250 0.043750
0 0.475000 0.611458 0.031250 0.043750
0 0.575000 0.616667 0.031250 0.037500
0 0.536719 0.546875 0.029687 0.031250
0 0.457813 0.331250 0.028125 0.037500
0 0.552344 0.328125 0.029687 0.043750
0 0.907031 0.114583 0.035937 0.033333
0 0.840625 0.469792 0.034375 0.043750
0 0.958594 0.458333 0.039062 0.037500
0 0.754687 0.576042 0.034375 0.043750
0 0.771875 0.693750 0.034375 0.054167
0 0.909375 0.735417 0.043750 0.041667