0 0.082812 0.120833 0.046875 0.050000
0 0.222656 0.120833 0.045312 0.054167
0 0.291406 0.261458 0.032813 0.052083
0 0.247656 0.431250 0.048438 0.062500
0 0.264844 0.679167 0.039062 0.050000
0 0.190625 0.802083 0.037500 0.062500
0 0.060156 0.677083 0.042188 0.045833
0 0.471094 0.611458 0.039062 0.052083
0 0.528906 0.542708 0.035937 0.052083
0 0.569531 0.617708 0.039062 0.052083
0 0.451562 0.325000 0.037500 0.058333
0 0.542188 0.321875 0.031250 0.056250
0 0.740625 0.563542 0.050000 0.047917
0 0.766406 0.689583 0.042188 0.050000
0 0.903125 0.721875 0.056250 0.064583
0 0.831250 0.466667 0.034375 0.062500
0 0.951562 0.442708 0.046875 0.064583
0 0.889062 0.105208 0.050000 0.052083