0 0.060937 0.127083 0.046875 0.045833
0 0.205469 0.133333 0.060937 0.050000
0 0.267188 0.263542 0.037500 0.047917
0 0.232813 0.441667 0.053125 0.070833
0 0.044531 0.682292 0.060937 0.077083
0 0.250781 0.679167 0.051562 0.066667
0 0.179688 0.817708 0.046875 0.064583
0 0.449219 0.609375 0.042188 0.047917
0 0.513281 0.536458 0.042188 0.047917
0 0.553906 0.610417 0.032813 0.050000
0 0.430469 0.326042 0.035937 0.056250
0 0.526563 0.318750 0.050000 0.054167
0 0.724219 0.552083 0.035937 0.054167
0 0.758594 0.686458 0.048438 0.064583
0 0.882031 0.706250 0.048438 0.075000
0 0.807813 0.452083 0.050000 0.050000
0 0.927344 0.432292 0.048438 0.056250
0 0.860938 0.098958 0.037500 0.052083