0 0.100781 0.113542 0.023438 0.031250
0 0.231250 0.120833 0.028125 0.041667
0 0.303125 0.261458 0.031250 0.047917
0 0.257812 0.443750 0.031250 0.045833
0 0.276562 0.671875 0.037500 0.043750
0 0.064844 0.668750 0.032813 0.045833
0 0.192188 0.806250 0.034375 0.033333
0 0.474219 0.613542 0.026562 0.035417
0 0.577344 0.620833 0.035937 0.029167
0 0.530469 0.543750 0.035937 0.037500
0 0.460156 0.333333 0.048438 0.041667
0 0.543750 0.331250 0.046875 0.041667
0 0.774219 0.694792 0.032813 0.056250
0 0.910156 0.737500 0.039062 0.045833
0 0.744531 0.570833 0.032813 0.037500
0 0.838281 0.469792 0.026562 0.047917
0 0.958594 0.458333 0.032813 0.041667
0 0.907031 0.119792 0.042188 0.039583