0 0.079687 0.119792 0.031250 0.039583
0 0.217969 0.123958 0.039062 0.052083
0 0.288281 0.260417 0.039062 0.050000
0 0.248438 0.436458 0.040625 0.060417
0 0.057031 0.675000 0.032813 0.054167
0 0.268750 0.680208 0.043750 0.052083
0 0.188281 0.807292 0.045312 0.060417
0 0.463281 0.606250 0.045312 0.054167
0 0.525000 0.541667 0.034375 0.041667
0 0.567187 0.609375 0.034375 0.052083
0 0.451562 0.328125 0.031250 0.039583
0 0.542188 0.327083 0.031250 0.054167
0 0.739062 0.560417 0.037500 0.045833
0 0.767188 0.687500 0.034375 0.058333
0 0.900000 0.722917 0.043750 0.054167
0 0.829688 0.467708 0.037500 0.056250
0 0.952344 0.445833 0.054688 0.058333
0 0.888281 0.108333 0.035937 0.041667