0 0.100781 0.113542 0.054688 0.039583
0 0.232031 0.122917 0.029687 0.037500
0 0.300000 0.255208 0.031250 0.060417
0 0.257812 0.438542 0.034375 0.047917
0 0.275000 0.671875 0.040625 0.047917
0 0.069531 0.665625 0.039062 0.043750
0 0.198437 0.809375 0.043750 0.052083
0 0.472656 0.613542 0.032813 0.039583
0 0.575781 0.619792 0.032813 0.043750
0 0.535937 0.542708 0.031250 0.039583
0 0.460156 0.331250 0.029687 0.041667
0 0.550781 0.328125 0.032813 0.052083
0 0.906250 0.116667 0.040625 0.037500
0 0.840625 0.475000 0.034375 0.037500
0 0.752344 0.580208 0.035937 0.035417
0 0.775781 0.708333 0.039062 0.050000
0 0.910937 0.734375 0.031250 0.047917
0 0.960938 0.460417 0.031250 0.045833