0 0.087500 0.128125 0.037500 0.056250
0 0.221094 0.125000 0.035937 0.041667
0 0.292187 0.261458 0.037500 0.047917
0 0.246875 0.443750 0.037500 0.054167
0 0.059375 0.684375 0.043750 0.052083
0 0.264844 0.685417 0.045312 0.050000
0 0.188281 0.804167 0.035937 0.058333
0 0.449219 0.334375 0.029687 0.056250
0 0.540625 0.335417 0.031250 0.058333
0 0.525000 0.548958 0.028125 0.056250
0 0.466406 0.614583 0.032813 0.045833
0 0.565625 0.618750 0.025000 0.045833
0 0.889062 0.111458 0.037500 0.047917
0 0.954688 0.459375 0.040625 0.060417
0 0.832812 0.466667 0.046875 0.045833
0 0.740625 0.568750 0.034375 0.045833
0 0.764844 0.696875 0.042188 0.043750
0 0.903125 0.733333 0.031250 0.050000