0 0.096875 0.115625 0.031250 0.043750
0 0.232813 0.116667 0.031250 0.045833
0 0.303906 0.260417 0.029687 0.058333
0 0.259375 0.436458 0.031250 0.047917
0 0.064844 0.667708 0.035937 0.047917
0 0.272656 0.676042 0.032813 0.047917
0 0.197656 0.808333 0.029687 0.062500
0 0.460156 0.329167 0.032813 0.045833
0 0.555469 0.327083 0.029687 0.050000
0 0.536719 0.544792 0.032813 0.047917
0 0.475781 0.609375 0.032813 0.047917
0 0.575000 0.618750 0.025000 0.045833
0 0.908594 0.116667 0.029687 0.050000
0 0.963281 0.459375 0.032813 0.047917
0 0.840625 0.475000 0.037500 0.045833
0 0.747656 0.571875 0.032813 0.039583
0 0.775000 0.704167 0.031250 0.045833
0 0.912500 0.741667 0.037500 0.041667