0 0.080469 0.117708 0.045312 0.047917
0 0.220312 0.125000 0.043750 0.041667
0 0.293750 0.260417 0.034375 0.070833
0 0.244531 0.441667 0.035937 0.066667
0 0.265625 0.668750 0.040625 0.070833
0 0.185938 0.808333 0.037500 0.054167
0 0.056250 0.677083 0.046875 0.054167
0 0.464844 0.610417 0.032813 0.041667
0 0.529687 0.541667 0.046875 0.041667
0 0.565625 0.611458 0.025000 0.056250
0 0.448437 0.326042 0.043750 0.035417
0 0.542969 0.323958 0.039062 0.047917
0 0.739062 0.566667 0.040625 0.058333
0 0.763281 0.689583 0.045312 0.058333
0 0.900781 0.726042 0.035937 0.047917
0 0.832812 0.466667 0.037500 0.062500
0 0.947656 0.443750 0.035937 0.054167
0 0.889844 0.106250 0.039062 0.041667