0 0.082812 0.118750 0.031250 0.045833
0 0.218750 0.117708 0.043750 0.043750
0 0.287500 0.256250 0.040625 0.058333
0 0.246094 0.435417 0.042188 0.066667
0 0.267188 0.676042 0.034375 0.060417
0 0.057031 0.678125 0.039062 0.047917
0 0.185156 0.804167 0.042188 0.054167
0 0.467187 0.613542 0.034375 0.043750
0 0.525000 0.541667 0.034375 0.050000
0 0.567187 0.611458 0.043750 0.039583
0 0.448437 0.327083 0.031250 0.054167
0 0.546094 0.323958 0.054688 0.056250
0 0.889062 0.103125 0.043750 0.047917
0 0.948438 0.448958 0.037500 0.052083
0 0.829688 0.466667 0.037500 0.054167
0 0.740625 0.562500 0.043750 0.058333
0 0.769531 0.690625 0.039062 0.056250
0 0.903125 0.727083 0.037500 0.054167