0 0.103125 0.112500 0.034375 0.045833
0 0.231250 0.127083 0.037500 0.058333
0 0.303906 0.255208 0.029687 0.052083
0 0.260937 0.440625 0.037500 0.056250
0 0.067969 0.670833 0.032813 0.045833
0 0.276562 0.677083 0.037500 0.050000
0 0.197656 0.805208 0.035937 0.056250
0 0.459375 0.333333 0.028125 0.054167
0 0.557813 0.329167 0.034375 0.050000
0 0.534375 0.538542 0.028125 0.039583
0 0.475000 0.607292 0.025000 0.035417
0 0.577344 0.621875 0.035937 0.052083
0 0.908594 0.115625 0.035937 0.043750
0 0.840625 0.473958 0.031250 0.056250
0 0.964063 0.460417 0.037500 0.050000
0 0.748437 0.567708 0.034375 0.047917
0 0.773438 0.705208 0.031250 0.047917
0 0.910156 0.739583 0.032813 0.058333