0 0.083594 0.121875 0.026562 0.035417
0 0.220312 0.120833 0.034375 0.037500
0 0.289844 0.262500 0.032813 0.041667
0 0.249219 0.441667 0.032813 0.045833
0 0.268750 0.678125 0.040625 0.052083
0 0.187500 0.809375 0.034375 0.047917
0 0.057031 0.676042 0.029687 0.043750
0 0.467187 0.610417 0.025000 0.037500
0 0.526563 0.540625 0.031250 0.039583
0 0.564844 0.612500 0.029687 0.041667
0 0.450781 0.322917 0.029687 0.041667
0 0.540625 0.325000 0.028125 0.058333
0 0.770312 0.694792 0.037500 0.035417
0 0.904687 0.730208 0.025000 0.056250
0 0.743750 0.566667 0.040625 0.041667
0 0.830469 0.462500 0.045312 0.058333
0 0.949219 0.448958 0.039062 0.060417
0 0.889844 0.105208 0.032813 0.043750