0 0.082031 0.121875 0.042188 0.052083
0 0.215625 0.119792 0.043750 0.039583
0 0.286719 0.258333 0.042188 0.054167
0 0.248438 0.439583 0.053125 0.066667
0 0.263281 0.677083 0.042188 0.050000
0 0.186719 0.811458 0.035937 0.056250
0 0.053125 0.678125 0.037500 0.047917
0 0.466406 0.609375 0.045312 0.043750
0 0.525000 0.541667 0.037500 0.050000
0 0.566406 0.612500 0.035937 0.041667
0 0.444531 0.325000 0.029687 0.045833
0 0.539844 0.323958 0.042188 0.056250
0 0.742969 0.564583 0.039062 0.054167
0 0.764062 0.688542 0.043750 0.060417
0 0.902344 0.727083 0.042188 0.054167
0 0.830469 0.465625 0.039062 0.052083
0 0.951562 0.450000 0.043750 0.054167
0 0.891406 0.105208 0.042188 0.035417