0 0.100000 0.110417 0.040625 0.050000
0 0.234375 0.116667 0.034375 0.037500
0 0.303125 0.260417 0.031250 0.045833
0 0.259375 0.436458 0.034375 0.043750
0 0.065625 0.667708 0.034375 0.039583
0 0.275000 0.671875 0.053125 0.052083
0 0.196875 0.798958 0.043750 0.043750
0 0.461719 0.328125 0.026562 0.035417
0 0.555469 0.325000 0.029687 0.050000
0 0.537500 0.542708 0.028125 0.039583
0 0.474219 0.607292 0.029687 0.043750
0 0.575000 0.619792 0.034375 0.043750
0 0.748437 0.573958 0.037500 0.043750
0 0.775000 0.705208 0.034375 0.043750
0 0.840625 0.470833 0.037500 0.050000
0 0.964844 0.459375 0.042188 0.039583
0 0.909375 0.734375 0.031250 0.043750
0 0.906250 0.112500 0.034375 0.041667