0 0.303125 0.264583 0.028125 0.037500
0 0.104688 0.121875 0.028125 0.047917
0 0.260937 0.445833 0.053125 0.070833
0 0.072656 0.675000 0.032813 0.066667
0 0.282813 0.683333 0.059375 0.058333
0 0.456250 0.330208 0.040625 0.052083
0 0.551562 0.332292 0.050000 0.056250
0 0.478125 0.613542 0.031250 0.056250
0 0.538281 0.546875 0.035937 0.043750
0 0.576562 0.621875 0.037500 0.039583
0 0.757031 0.583333 0.032813 0.058333
0 0.772656 0.702083 0.045312 0.054167
0 0.913281 0.744792 0.048438 0.060417
0 0.844531 0.471875 0.042188 0.056250
0 0.963281 0.463542 0.035937 0.068750
0 0.905469 0.120833 0.045312 0.054167
0 0.197656 0.806250 0.039062 0.050000