0 0.101562 0.115625 0.034375 0.047917
0 0.235937 0.120833 0.031250 0.050000
0 0.304688 0.258333 0.031250 0.050000
0 0.257812 0.431250 0.040625 0.058333
0 0.067187 0.667708 0.034375 0.060417
0 0.276562 0.681250 0.043750 0.062500
0 0.196875 0.800000 0.034375 0.058333
0 0.477344 0.609375 0.035937 0.043750
0 0.535937 0.546875 0.037500 0.056250
0 0.576562 0.616667 0.028125 0.045833
0 0.460938 0.322917 0.034375 0.037500
0 0.554688 0.322917 0.031250 0.037500
0 0.911719 0.116667 0.032813 0.054167
0 0.962500 0.456250 0.034375 0.045833
0 0.839844 0.475000 0.029687 0.041667
0 0.749219 0.568750 0.035937 0.045833
0 0.775000 0.698958 0.031250 0.039583
0 0.912500 0.741667 0.031250 0.050000