0 0.081250 0.120833 0.034375 0.050000
0 0.221875 0.122917 0.053125 0.045833
0 0.288281 0.257292 0.042188 0.052083
0 0.246094 0.440625 0.039062 0.052083
0 0.267188 0.678125 0.031250 0.060417
0 0.053906 0.678125 0.035937 0.056250
0 0.188281 0.804167 0.054688 0.054167
0 0.467969 0.607292 0.045312 0.043750
0 0.527344 0.540625 0.039062 0.047917
0 0.569531 0.614583 0.039062 0.041667
0 0.448437 0.326042 0.031250 0.047917
0 0.542969 0.327083 0.039062 0.050000
0 0.739844 0.562500 0.045312 0.045833
0 0.765625 0.689583 0.043750 0.066667
0 0.900781 0.728125 0.035937 0.060417
0 0.830469 0.468750 0.039062 0.058333
0 0.950781 0.443750 0.054688 0.054167
0 0.889062 0.107292 0.037500 0.052083