0 0.066406 0.126042 0.039062 0.052083
0 0.198437 0.125000 0.037500 0.041667
0 0.271094 0.266667 0.039062 0.054167
0 0.229687 0.446875 0.050000 0.052083
0 0.257031 0.672917 0.042188 0.054167
0 0.182031 0.805208 0.048438 0.068750
0 0.046875 0.691667 0.043750 0.054167
0 0.454688 0.608333 0.031250 0.045833
0 0.510938 0.534375 0.031250 0.043750
0 0.553125 0.605208 0.031250 0.043750
0 0.435156 0.325000 0.035937 0.058333
0 0.523438 0.322917 0.037500 0.058333
0 0.747656 0.676042 0.035937 0.047917
0 0.721875 0.548958 0.040625 0.052083
0 0.810937 0.453125 0.040625 0.064583
0 0.884375 0.706250 0.028125 0.050000
0 0.925781 0.433333 0.039062 0.050000
0 0.860938 0.096875 0.028125 0.047917