0 0.100781 0.127083 0.026562 0.041667
0 0.234375 0.133333 0.031250 0.045833
0 0.302344 0.265625 0.032813 0.052083
0 0.260937 0.439583 0.037500 0.045833
0 0.274219 0.673958 0.032813 0.047917
0 0.068750 0.676042 0.037500 0.052083
0 0.197656 0.809375 0.039062 0.052083
0 0.462500 0.336458 0.028125 0.047917
0 0.555469 0.331250 0.045312 0.037500
0 0.536719 0.543750 0.032813 0.033333
0 0.471875 0.618750 0.025000 0.033333
0 0.575000 0.621875 0.037500 0.031250
0 0.910156 0.127083 0.045312 0.041667
0 0.964844 0.466667 0.029687 0.037500
0 0.843750 0.475000 0.040625 0.041667
0 0.755469 0.581250 0.039062 0.087500
0 0.777344 0.716667 0.042188 0.066667
0 0.911719 0.741667 0.032813 0.054167