0 0.081250 0.117708 0.034375 0.043750
0 0.218750 0.126042 0.034375 0.043750
0 0.287500 0.257292 0.040625 0.047917
0 0.246875 0.433333 0.034375 0.062500
0 0.267969 0.676042 0.039062 0.056250
0 0.184375 0.805208 0.037500 0.056250
0 0.059375 0.675000 0.040625 0.045833
0 0.462500 0.604167 0.034375 0.045833
0 0.525000 0.541667 0.037500 0.041667
0 0.567969 0.613542 0.035937 0.043750
0 0.446875 0.327083 0.034375 0.037500
0 0.540625 0.321875 0.034375 0.047917
0 0.761719 0.693750 0.032813 0.045833
0 0.739844 0.561458 0.029687 0.043750
0 0.831250 0.462500 0.037500 0.054167
0 0.948438 0.447917 0.040625 0.054167
0 0.890625 0.112500 0.028125 0.050000
0 0.900000 0.725000 0.037500 0.058333