0 0.063281 0.135417 0.035937 0.050000
0 0.198437 0.135417 0.037500 0.041667
0 0.271094 0.266667 0.042188 0.045833
0 0.236719 0.455208 0.054688 0.064583
0 0.046094 0.693750 0.035937 0.045833
0 0.253125 0.682292 0.037500 0.064583
0 0.434375 0.329167 0.043750 0.050000
0 0.525000 0.327083 0.028125 0.045833
0 0.515625 0.540625 0.037500 0.047917
0 0.450000 0.610417 0.034375 0.045833
0 0.550781 0.612500 0.035937 0.062500
0 0.861719 0.101042 0.035937 0.056250
0 0.814844 0.457292 0.054688 0.047917
0 0.928906 0.436458 0.029687 0.052083
0 0.725781 0.560417 0.057813 0.062500
0 0.753906 0.686458 0.042188 0.052083
0 0.882812 0.709375 0.046875 0.056250
0 0.186719 0.817708 0.057813 0.047917