0 0.060937 0.121875 0.028125 0.047917
0 0.197656 0.131250 0.029687 0.045833
0 0.267969 0.263542 0.042188 0.052083
0 0.233594 0.445833 0.035937 0.054167
0 0.255469 0.686458 0.042188 0.064583
0 0.177344 0.816667 0.039062 0.045833
0 0.042188 0.694792 0.037500 0.039583
0 0.453125 0.610417 0.028125 0.037500
0 0.514844 0.536458 0.035937 0.039583
0 0.550000 0.607292 0.043750 0.043750
0 0.429688 0.327083 0.028125 0.041667
0 0.521094 0.325000 0.035937 0.041667
0 0.715625 0.554167 0.056250 0.041667
0 0.750781 0.682292 0.045312 0.047917
0 0.886719 0.710417 0.039062 0.045833
0 0.811719 0.461458 0.042188 0.056250
0 0.926562 0.434375 0.043750 0.056250
0 0.860156 0.100000 0.051562 0.045833