0 0.089844 0.129167 0.035937 0.054167
0 0.227344 0.135417 0.035937 0.050000
0 0.292969 0.266667 0.039062 0.058333
0 0.254688 0.443750 0.046875 0.062500
0 0.267969 0.679167 0.042188 0.066667
0 0.065625 0.691667 0.050000 0.041667
0 0.192188 0.811458 0.046875 0.056250
0 0.443750 0.328125 0.034375 0.056250
0 0.540625 0.329167 0.034375 0.058333
0 0.525000 0.542708 0.034375 0.052083
0 0.464844 0.612500 0.042188 0.050000
0 0.565625 0.618750 0.034375 0.050000
0 0.731250 0.562500 0.046875 0.050000
0 0.760938 0.696875 0.053125 0.052083
0 0.896094 0.717708 0.054688 0.043750
0 0.823438 0.461458 0.056250 0.056250
0 0.943750 0.447917 0.050000 0.062500
0 0.884375 0.111458 0.037500 0.056250