0 0.083594 0.117708 0.039062 0.056250
0 0.218750 0.120833 0.037500 0.050000
0 0.289844 0.262500 0.048438 0.054167
0 0.246094 0.437500 0.042188 0.062500
0 0.265625 0.675000 0.046875 0.050000
0 0.055469 0.680208 0.042188 0.060417
0 0.185938 0.809375 0.040625 0.052083
0 0.446875 0.325000 0.037500 0.041667
0 0.542188 0.323958 0.031250 0.047917
0 0.521875 0.536458 0.037500 0.052083
0 0.563281 0.617708 0.023438 0.052083
0 0.464062 0.612500 0.034375 0.050000
0 0.900000 0.720833 0.037500 0.050000
0 0.764062 0.690625 0.037500 0.047917
0 0.742969 0.566667 0.039062 0.041667
0 0.829688 0.459375 0.040625 0.064583
0 0.947656 0.448958 0.045312 0.056250
0 0.891406 0.109375 0.035937 0.043750