0 0.081250 0.119792 0.034375 0.039583
0 0.220312 0.117708 0.031250 0.043750
0 0.286719 0.261458 0.039062 0.043750
0 0.246875 0.436458 0.037500 0.056250
0 0.268750 0.682292 0.040625 0.043750
0 0.187500 0.805208 0.034375 0.056250
0 0.056250 0.678125 0.031250 0.047917
0 0.448437 0.325000 0.028125 0.045833
0 0.541406 0.322917 0.032813 0.054167
0 0.524219 0.537500 0.026562 0.062500
0 0.570312 0.615625 0.046875 0.035417
0 0.464844 0.610417 0.039062 0.041667
0 0.742188 0.562500 0.040625 0.041667
0 0.767188 0.690625 0.037500 0.056250
0 0.831250 0.468750 0.040625 0.058333
0 0.901563 0.722917 0.034375 0.066667
0 0.951562 0.453125 0.031250 0.056250
0 0.890625 0.106250 0.031250 0.050000