0 0.082031 0.118750 0.029687 0.045833
0 0.220312 0.125000 0.040625 0.041667
0 0.292969 0.264583 0.039062 0.050000
0 0.247656 0.446875 0.039062 0.039583
0 0.057031 0.682292 0.039062 0.047917
0 0.264844 0.681250 0.032813 0.045833
0 0.187500 0.808333 0.031250 0.041667
0 0.462500 0.614583 0.043750 0.050000
0 0.560156 0.612500 0.042188 0.054167
0 0.526563 0.550000 0.031250 0.045833
0 0.447656 0.326042 0.032813 0.027083
0 0.542188 0.329167 0.034375 0.037500
0 0.828906 0.468750 0.035937 0.066667
0 0.739844 0.563542 0.035937 0.052083
0 0.762500 0.691667 0.034375 0.054167
0 0.899219 0.718750 0.039062 0.058333
0 0.948438 0.445833 0.034375 0.058333
0 0.888281 0.105208 0.042188 0.056250