0 0.061719 0.126042 0.042188 0.060417
0 0.197656 0.133333 0.035937 0.045833
0 0.271094 0.269792 0.042188 0.052083
0 0.234375 0.451042 0.046875 0.056250
0 0.046875 0.691667 0.037500 0.070833
0 0.250000 0.680208 0.046875 0.047917
0 0.178906 0.814583 0.042188 0.054167
0 0.432031 0.328125 0.039062 0.043750
0 0.521875 0.321875 0.040625 0.043750
0 0.511719 0.533333 0.045312 0.058333
0 0.452344 0.609375 0.045312 0.047917
0 0.558594 0.611458 0.048438 0.047917
0 0.744531 0.686458 0.054688 0.047917
0 0.887500 0.718750 0.056250 0.054167
0 0.723437 0.557292 0.037500 0.047917
0 0.814844 0.457292 0.054688 0.039583
0 0.930469 0.430208 0.039062 0.060417
0 0.862500 0.092708 0.046875 0.039583