0 0.064844 0.131250 0.035937 0.058333
0 0.196094 0.128125 0.039062 0.047917
0 0.270313 0.262500 0.028125 0.045833
0 0.233594 0.451042 0.048438 0.047917
0 0.045312 0.690625 0.040625 0.052083
0 0.251563 0.680208 0.050000 0.047917
0 0.176563 0.816667 0.043750 0.050000
0 0.453906 0.607292 0.039062 0.052083
0 0.551562 0.609375 0.037500 0.039583
0 0.513281 0.537500 0.029687 0.033333
0 0.435156 0.333333 0.032813 0.054167
0 0.523438 0.326042 0.037500 0.060417
0 0.864844 0.100000 0.042188 0.050000
0 0.803125 0.455208 0.043750 0.068750
0 0.926562 0.439583 0.034375 0.062500
0 0.721875 0.552083 0.046875 0.058333
0 0.755469 0.680208 0.064062 0.052083
0 0.888281 0.708333 0.051562 0.062500