0 0.083594 0.118750 0.029687 0.045833
0 0.222656 0.118750 0.045312 0.041667
0 0.291406 0.260417 0.029687 0.050000
0 0.250000 0.442708 0.034375 0.052083
0 0.264062 0.673958 0.037500 0.047917
0 0.060156 0.681250 0.039062 0.041667
0 0.187500 0.805208 0.040625 0.047917
0 0.467187 0.609375 0.040625 0.035417
0 0.524219 0.539583 0.032813 0.037500
0 0.567187 0.610417 0.031250 0.041667
0 0.449219 0.328125 0.029687 0.047917
0 0.539062 0.330208 0.031250 0.056250
0 0.742188 0.563542 0.031250 0.039583
0 0.764844 0.690625 0.039062 0.056250
0 0.829688 0.467708 0.031250 0.052083
0 0.900000 0.721875 0.037500 0.056250
0 0.949219 0.446875 0.035937 0.056250
0 0.889062 0.108333 0.043750 0.041667