0 0.064844 0.131250 0.042188 0.045833
0 0.202344 0.129167 0.029687 0.050000
0 0.272656 0.266667 0.032813 0.054167
0 0.234375 0.440625 0.034375 0.064583
0 0.254688 0.678125 0.031250 0.047917
0 0.046094 0.693750 0.054688 0.058333
0 0.181250 0.819792 0.050000 0.047917
0 0.430469 0.322917 0.029687 0.058333
0 0.525000 0.317708 0.028125 0.064583
0 0.507812 0.529167 0.034375 0.054167
0 0.450781 0.607292 0.035937 0.047917
0 0.553906 0.609375 0.029687 0.047917
0 0.730469 0.555208 0.054688 0.047917
0 0.753125 0.678125 0.037500 0.056250
0 0.884375 0.705208 0.034375 0.052083
0 0.814844 0.453125 0.039062 0.060417
0 0.929688 0.434375 0.031250 0.060417
0 0.867969 0.104167 0.057813 0.058333