0 0.062500 0.130208 0.037500 0.047917
0 0.200781 0.134375 0.026562 0.052083
0 0.275000 0.266667 0.031250 0.058333
0 0.230469 0.453125 0.032813 0.060417
0 0.255469 0.683333 0.032813 0.045833
0 0.042969 0.700000 0.054688 0.045833
0 0.453906 0.606250 0.029687 0.045833
0 0.514844 0.535417 0.029687 0.058333
0 0.547656 0.605208 0.035937 0.056250
0 0.430469 0.329167 0.023438 0.054167
0 0.528906 0.323958 0.048438 0.052083
0 0.753125 0.686458 0.025000 0.052083
0 0.729688 0.557292 0.040625 0.031250
0 0.815625 0.453125 0.050000 0.047917
0 0.931250 0.437500 0.040625 0.058333
0 0.887500 0.709375 0.037500 0.052083
0 0.860938 0.100000 0.040625 0.050000
0 0.179688 0.810417 0.034375 0.054167