0 0.064062 0.135417 0.040625 0.054167
0 0.196875 0.134375 0.037500 0.056250
0 0.273438 0.268750 0.046875 0.070833
0 0.232031 0.446875 0.048438 0.060417
0 0.047656 0.688542 0.057813 0.060417
0 0.256250 0.680208 0.040625 0.052083
0 0.177344 0.811458 0.060937 0.052083
0 0.450000 0.608333 0.040625 0.054167
0 0.553125 0.611458 0.034375 0.052083
0 0.514062 0.537500 0.050000 0.050000
0 0.434375 0.332292 0.034375 0.060417
0 0.525781 0.328125 0.029687 0.056250
0 0.869531 0.100000 0.035937 0.050000
0 0.927344 0.432292 0.032813 0.060417
0 0.814844 0.458333 0.057813 0.062500
0 0.733594 0.560417 0.051562 0.075000
0 0.756250 0.683333 0.050000 0.037500
0 0.887500 0.713542 0.040625 0.052083