0 0.098437 0.122917 0.031250 0.041667
0 0.232031 0.130208 0.029687 0.043750
0 0.302344 0.266667 0.039062 0.058333
0 0.258594 0.441667 0.039062 0.054167
0 0.277344 0.671875 0.029687 0.047917
0 0.067969 0.671875 0.042188 0.068750
0 0.197656 0.807292 0.045312 0.043750
0 0.463281 0.337500 0.026562 0.041667
0 0.559375 0.332292 0.040625 0.047917
0 0.534375 0.541667 0.028125 0.033333
0 0.478125 0.614583 0.034375 0.041667
0 0.571875 0.622917 0.037500 0.045833
0 0.749219 0.576042 0.026562 0.060417
0 0.845313 0.483333 0.040625 0.062500
0 0.773438 0.704167 0.025000 0.033333
0 0.910156 0.740625 0.026562 0.056250
0 0.964063 0.463542 0.034375 0.047917
0 0.908594 0.123958 0.029687 0.043750