0 0.100000 0.120833 0.037500 0.033333
0 0.237500 0.133333 0.037500 0.062500
0 0.304688 0.264583 0.028125 0.045833
0 0.263281 0.441667 0.045312 0.058333
0 0.276562 0.681250 0.037500 0.058333
0 0.071875 0.671875 0.028125 0.052083
0 0.196094 0.806250 0.035937 0.037500
0 0.460156 0.336458 0.026562 0.039583
0 0.556250 0.331250 0.028125 0.037500
0 0.533594 0.546875 0.032813 0.039583
0 0.473438 0.620833 0.031250 0.041667
0 0.575781 0.620833 0.032813 0.025000
0 0.906250 0.122917 0.028125 0.041667
0 0.960156 0.459375 0.032813 0.039583
0 0.839844 0.475000 0.032813 0.033333
0 0.748437 0.573958 0.028125 0.031250
0 0.775000 0.705208 0.025000 0.035417
0 0.910156 0.741667 0.026562 0.041667