0 0.063281 0.127083 0.048438 0.041667
0 0.194531 0.126042 0.032813 0.052083
0 0.268750 0.258333 0.043750 0.045833
0 0.232031 0.439583 0.042188 0.050000
0 0.257031 0.677083 0.051562 0.054167
0 0.180469 0.806250 0.039062 0.050000
0 0.045312 0.687500 0.043750 0.041667
0 0.450781 0.597917 0.042188 0.062500
0 0.510156 0.530208 0.035937 0.047917
0 0.552344 0.602083 0.035937 0.045833
0 0.427344 0.323958 0.026562 0.043750
0 0.525000 0.319792 0.031250 0.052083
0 0.807031 0.450000 0.045312 0.062500
0 0.722656 0.547917 0.042188 0.041667
0 0.747656 0.678125 0.042188 0.043750
0 0.884375 0.703125 0.031250 0.056250
0 0.926562 0.429167 0.034375 0.058333
0 0.864062 0.100000 0.037500 0.050000