0 0.102344 0.119792 0.054688 0.052083
0 0.239844 0.122917 0.057813 0.050000
0 0.303906 0.257292 0.057813 0.060417
0 0.261719 0.430208 0.045312 0.072917
0 0.271094 0.659375 0.057813 0.072917
0 0.060156 0.659375 0.060937 0.060417
0 0.198437 0.791667 0.053125 0.062500
0 0.462500 0.325000 0.050000 0.054167
0 0.557031 0.331250 0.048438 0.066667
0 0.474219 0.603125 0.045312 0.068750
0 0.539844 0.541667 0.042188 0.050000
0 0.579688 0.613542 0.046875 0.047917
0 0.746875 0.556250 0.050000 0.062500
0 0.775781 0.701042 0.057813 0.064583
0 0.907031 0.741667 0.045312 0.058333
0 0.832812 0.464583 0.046875 0.058333
0 0.959375 0.453125 0.046875 0.056250
0 0.899219 0.110417 0.060937 0.058333