0 0.063281 0.129167 0.045312 0.050000
0 0.201563 0.132292 0.034375 0.056250
0 0.273438 0.265625 0.037500 0.085417
0 0.232813 0.443750 0.040625 0.066667
0 0.256250 0.684375 0.053125 0.064583
0 0.177344 0.816667 0.039062 0.066667
0 0.050000 0.698958 0.056250 0.052083
0 0.431250 0.325000 0.031250 0.058333
0 0.521875 0.319792 0.043750 0.052083
0 0.514062 0.535417 0.034375 0.050000
0 0.453906 0.608333 0.039062 0.045833
0 0.559375 0.606250 0.043750 0.054167
0 0.870313 0.098958 0.037500 0.047917
0 0.928906 0.441667 0.042188 0.075000
0 0.810156 0.448958 0.051562 0.068750
0 0.727344 0.556250 0.060937 0.050000
0 0.887500 0.711458 0.031250 0.089583
0 0.750781 0.681250 0.039062 0.062500