0 0.062500 0.128125 0.031250 0.047917
0 0.197656 0.133333 0.042188 0.041667
0 0.267969 0.265625 0.042188 0.052083
0 0.235937 0.450000 0.037500 0.062500
0 0.249219 0.678125 0.057813 0.047917
0 0.042188 0.691667 0.043750 0.054167
0 0.181250 0.822917 0.043750 0.058333
0 0.431250 0.329167 0.031250 0.050000
0 0.521875 0.318750 0.034375 0.054167
0 0.451562 0.604167 0.031250 0.058333
0 0.513281 0.537500 0.023438 0.058333
0 0.552344 0.603125 0.026562 0.060417
0 0.858594 0.098958 0.042188 0.056250
0 0.812500 0.454167 0.046875 0.050000
0 0.725000 0.554167 0.037500 0.045833
0 0.753906 0.681250 0.051562 0.050000
0 0.886719 0.712500 0.045312 0.041667
0 0.922656 0.427083 0.042188 0.058333