0 0.082031 0.116667 0.032813 0.045833
0 0.221875 0.121875 0.043750 0.047917
0 0.287500 0.260417 0.037500 0.050000
0 0.248438 0.433333 0.053125 0.070833
0 0.265625 0.672917 0.037500 0.058333
0 0.057813 0.677083 0.034375 0.054167
0 0.185938 0.803125 0.050000 0.052083
0 0.467187 0.609375 0.034375 0.047917
0 0.525781 0.540625 0.029687 0.052083
0 0.567187 0.611458 0.034375 0.047917
0 0.448437 0.332292 0.025000 0.043750
0 0.542969 0.323958 0.048438 0.047917
0 0.740625 0.566667 0.043750 0.045833
0 0.764062 0.691667 0.037500 0.054167
0 0.901563 0.726042 0.046875 0.052083
0 0.831250 0.457292 0.040625 0.060417
0 0.950781 0.446875 0.045312 0.060417
0 0.888281 0.108333 0.042188 0.050000