0 0.063281 0.134375 0.026562 0.056250
0 0.200000 0.134375 0.034375 0.060417
0 0.268750 0.264583 0.043750 0.062500
0 0.228906 0.447917 0.035937 0.062500
0 0.046875 0.696875 0.053125 0.068750
0 0.252344 0.682292 0.039062 0.052083
0 0.178906 0.812500 0.054688 0.058333
0 0.432031 0.328125 0.029687 0.056250
0 0.519531 0.323958 0.042188 0.056250
0 0.454688 0.613542 0.037500 0.060417
0 0.514062 0.536458 0.037500 0.047917
0 0.553906 0.608333 0.029687 0.062500
0 0.752344 0.685417 0.042188 0.050000
0 0.878125 0.702083 0.037500 0.070833
0 0.720313 0.552083 0.050000 0.058333
0 0.810156 0.452083 0.060937 0.062500
0 0.932813 0.435417 0.043750 0.058333
0 0.865625 0.093750 0.053125 0.058333