0 0.102344 0.121875 0.035937 0.043750
0 0.233594 0.123958 0.035937 0.043750
0 0.307031 0.265625 0.051562 0.064583
0 0.261719 0.436458 0.051562 0.064583
0 0.071094 0.669792 0.051562 0.064583
0 0.267969 0.665625 0.051562 0.064583
0 0.192969 0.801042 0.051562 0.064583
0 0.477344 0.621875 0.051562 0.064583
0 0.535156 0.540625 0.051562 0.064583
0 0.583594 0.623958 0.051562 0.064583
0 0.916406 0.751042 0.051562 0.064583
0 0.774219 0.705208 0.051562 0.064583
0 0.747656 0.559375 0.051562 0.064583
0 0.841406 0.469792 0.051562 0.064583
0 0.963281 0.467708 0.051562 0.064583
0 0.913281 0.121875 0.051562 0.064583
0 0.563281 0.321875 0.051562 0.064583
0 0.464844 0.328125 0.051562 0.064583