0 0.097656 0.113542 0.039062 0.047917
0 0.233594 0.116667 0.032813 0.045833
0 0.303906 0.261458 0.032813 0.068750
0 0.264062 0.433333 0.046875 0.041667
0 0.069531 0.672917 0.039062 0.062500
0 0.275781 0.677083 0.039062 0.058333
0 0.196094 0.802083 0.032813 0.050000
0 0.459375 0.336458 0.031250 0.047917
0 0.553125 0.330208 0.028125 0.052083
0 0.904687 0.114583 0.031250 0.058333
0 0.964063 0.461458 0.034375 0.047917
0 0.835938 0.472917 0.034375 0.058333
0 0.746094 0.573958 0.026562 0.039583
0 0.773438 0.702083 0.028125 0.045833
0 0.912500 0.741667 0.028125 0.058333
0 0.535937 0.538542 0.025000 0.043750
0 0.471875 0.609375 0.025000 0.043750
0 0.573438 0.619792 0.025000 0.047917