0 0.082812 0.123958 0.034375 0.047917
0 0.221094 0.123958 0.039062 0.047917
0 0.286719 0.256250 0.039062 0.054167
0 0.249219 0.437500 0.039062 0.058333
0 0.267188 0.671875 0.040625 0.056250
0 0.188281 0.810417 0.032813 0.058333
0 0.057031 0.679167 0.045312 0.054167
0 0.446875 0.325000 0.031250 0.041667
0 0.539844 0.325000 0.032813 0.045833
0 0.523438 0.538542 0.034375 0.047917
0 0.564844 0.610417 0.035937 0.041667
0 0.467187 0.608333 0.034375 0.045833
0 0.739844 0.560417 0.042188 0.050000
0 0.764844 0.684375 0.029687 0.064583
0 0.902344 0.726042 0.048438 0.047917
0 0.830469 0.464583 0.032813 0.054167
0 0.950781 0.448958 0.045312 0.052083
0 0.889062 0.108333 0.034375 0.045833