0 0.101562 0.122917 0.034375 0.045833
0 0.233594 0.135417 0.042188 0.054167
0 0.298438 0.251042 0.037500 0.068750
0 0.260156 0.446875 0.026562 0.039583
0 0.278906 0.678125 0.042188 0.031250
0 0.199219 0.814583 0.039062 0.075000
0 0.068750 0.675000 0.037500 0.070833
0 0.463281 0.338542 0.026562 0.052083
0 0.559375 0.332292 0.040625 0.035417
0 0.537500 0.546875 0.040625 0.035417
0 0.573438 0.621875 0.028125 0.039583
0 0.475000 0.619792 0.037500 0.047917
0 0.906250 0.128125 0.034375 0.052083
0 0.964063 0.463542 0.040625 0.047917
0 0.845313 0.473958 0.037500 0.047917
0 0.750000 0.571875 0.040625 0.035417
0 0.776563 0.704167 0.034375 0.041667
0 0.914062 0.745833 0.034375 0.054167