0 0.101562 0.117708 0.031250 0.035417
0 0.233594 0.129167 0.039062 0.045833
0 0.301563 0.262500 0.037500 0.050000
0 0.257031 0.440625 0.039062 0.052083
0 0.273438 0.671875 0.043750 0.056250
0 0.070312 0.673958 0.034375 0.043750
0 0.195312 0.805208 0.034375 0.047917
0 0.460938 0.333333 0.031250 0.041667
0 0.557031 0.340625 0.035937 0.047917
0 0.534375 0.545833 0.021875 0.045833
0 0.475000 0.613542 0.031250 0.043750
0 0.575000 0.625000 0.025000 0.041667
0 0.909375 0.123958 0.037500 0.039583
0 0.966406 0.463542 0.035937 0.039583
0 0.843750 0.471875 0.037500 0.035417
0 0.750781 0.572917 0.039062 0.033333
0 0.779687 0.709375 0.034375 0.056250
0 0.912500 0.742708 0.031250 0.052083