0 0.061719 0.129167 0.023438 0.050000
0 0.196875 0.129167 0.028125 0.054167
0 0.267969 0.264583 0.035937 0.062500
0 0.229687 0.445833 0.037500 0.062500
0 0.047656 0.697917 0.057813 0.045833
0 0.175781 0.812500 0.042188 0.045833
0 0.250000 0.677083 0.059375 0.058333
0 0.433594 0.329167 0.035937 0.041667
0 0.525781 0.327083 0.029687 0.045833
0 0.453906 0.607292 0.032813 0.052083
0 0.512500 0.534375 0.040625 0.052083
0 0.555469 0.606250 0.029687 0.050000
0 0.747656 0.676042 0.035937 0.060417
0 0.885938 0.708333 0.031250 0.050000
0 0.721094 0.553125 0.032813 0.052083
0 0.807813 0.448958 0.040625 0.056250
0 0.929688 0.438542 0.046875 0.056250
0 0.867188 0.102083 0.050000 0.045833