0 0.062500 0.125000 0.040625 0.054167
0 0.196094 0.134375 0.039062 0.043750
0 0.270313 0.264583 0.043750 0.062500
0 0.230469 0.445833 0.045312 0.058333
0 0.250000 0.678125 0.050000 0.056250
0 0.042969 0.690625 0.045312 0.060417
0 0.180469 0.813542 0.032813 0.056250
0 0.428906 0.332292 0.032813 0.039583
0 0.519531 0.322917 0.029687 0.058333
0 0.510156 0.534375 0.032813 0.047917
0 0.448437 0.613542 0.031250 0.047917
0 0.553125 0.609375 0.028125 0.056250
0 0.717969 0.553125 0.039062 0.056250
0 0.808594 0.453125 0.026562 0.035417
0 0.928906 0.435417 0.042188 0.041667
0 0.884375 0.702083 0.043750 0.054167
0 0.742969 0.679167 0.045312 0.050000
0 0.865625 0.098958 0.046875 0.043750