0 0.082031 0.115625 0.032813 0.047917
0 0.219531 0.119792 0.026562 0.043750
0 0.289062 0.260417 0.037500 0.050000
0 0.246094 0.438542 0.032813 0.052083
0 0.267188 0.677083 0.037500 0.045833
0 0.185156 0.809375 0.035937 0.047917
0 0.058594 0.678125 0.042188 0.056250
0 0.467969 0.612500 0.035937 0.050000
0 0.525781 0.540625 0.039062 0.043750
0 0.567969 0.613542 0.029687 0.043750
0 0.450000 0.329167 0.025000 0.045833
0 0.542969 0.323958 0.029687 0.043750
0 0.740625 0.561458 0.053125 0.043750
0 0.766406 0.689583 0.032813 0.045833
0 0.903125 0.728125 0.034375 0.052083
0 0.828906 0.465625 0.042188 0.047917
0 0.951562 0.450000 0.040625 0.050000
0 0.891406 0.109375 0.035937 0.043750