0 0.098437 0.118750 0.031250 0.050000
0 0.235156 0.129167 0.029687 0.041667
0 0.304688 0.262500 0.040625 0.054167
0 0.261719 0.438542 0.029687 0.043750
0 0.067969 0.668750 0.039062 0.045833
0 0.275000 0.675000 0.034375 0.050000
0 0.198437 0.809375 0.028125 0.039583
0 0.461719 0.331250 0.026562 0.037500
0 0.556250 0.327083 0.034375 0.054167
0 0.533594 0.545833 0.032813 0.037500
0 0.475781 0.615625 0.026562 0.043750
0 0.575000 0.623958 0.034375 0.043750
0 0.907031 0.121875 0.029687 0.039583
0 0.963281 0.464583 0.045312 0.062500
0 0.845313 0.481250 0.040625 0.058333
0 0.745313 0.571875 0.034375 0.039583
0 0.776563 0.707292 0.037500 0.035417
0 0.910937 0.741667 0.040625 0.062500