0 0.093750 0.110417 0.034375 0.041667
0 0.231250 0.120833 0.037500 0.037500
0 0.302344 0.254167 0.051562 0.050000
0 0.253125 0.435417 0.050000 0.045833
0 0.271875 0.671875 0.043750 0.043750
0 0.068750 0.673958 0.040625 0.043750
0 0.191406 0.800000 0.042188 0.041667
0 0.471094 0.614583 0.035937 0.050000
0 0.572656 0.617708 0.039062 0.039583
0 0.534375 0.542708 0.037500 0.043750
0 0.460938 0.331250 0.034375 0.045833
0 0.550000 0.327083 0.028125 0.041667
0 0.839063 0.465625 0.034375 0.043750
0 0.961719 0.461458 0.035937 0.039583
0 0.746875 0.575000 0.040625 0.037500
0 0.775000 0.698958 0.040625 0.043750
0 0.908594 0.737500 0.035937 0.050000
0 0.904687 0.115625 0.040625 0.043750