0 0.096875 0.112500 0.034375 0.050000
0 0.234375 0.118750 0.031250 0.041667
0 0.306250 0.259375 0.031250 0.060417
0 0.258594 0.444792 0.032813 0.072917
0 0.064844 0.668750 0.026562 0.062500
0 0.273438 0.676042 0.037500 0.068750
0 0.196094 0.803125 0.032813 0.056250
0 0.457813 0.331250 0.031250 0.045833
0 0.552344 0.336458 0.029687 0.060417
0 0.541406 0.542708 0.039062 0.047917
0 0.474219 0.610417 0.026562 0.045833
0 0.575781 0.618750 0.023438 0.054167
0 0.909375 0.117708 0.031250 0.052083
0 0.965625 0.462500 0.031250 0.058333
0 0.840625 0.470833 0.028125 0.050000
0 0.748437 0.571875 0.034375 0.047917
0 0.775000 0.701042 0.037500 0.056250
0 0.915625 0.739583 0.046875 0.058333