0 0.085156 0.120833 0.035937 0.041667
0 0.223438 0.123958 0.040625 0.043750
0 0.290625 0.260417 0.037500 0.045833
0 0.246875 0.439583 0.037500 0.050000
0 0.266406 0.671875 0.035937 0.064583
0 0.186719 0.806250 0.029687 0.054167
0 0.057031 0.677083 0.039062 0.045833
0 0.466406 0.611458 0.023438 0.052083
0 0.525781 0.537500 0.035937 0.045833
0 0.566406 0.612500 0.026562 0.041667
0 0.449219 0.330208 0.032813 0.047917
0 0.541406 0.323958 0.035937 0.047917
0 0.746094 0.562500 0.042188 0.041667
0 0.828906 0.464583 0.035937 0.045833
0 0.766406 0.691667 0.035937 0.050000
0 0.902344 0.730208 0.026562 0.056250
0 0.951562 0.448958 0.034375 0.052083
0 0.888281 0.108333 0.039062 0.037500