0 0.089844 0.134375 0.029687 0.047917
0 0.220312 0.135417 0.031250 0.045833
0 0.296875 0.270833 0.046875 0.050000
0 0.255469 0.452083 0.042188 0.050000
0 0.276562 0.682292 0.043750 0.043750
0 0.196875 0.812500 0.043750 0.050000
0 0.061719 0.686458 0.042188 0.047917
0 0.450000 0.336458 0.034375 0.052083
0 0.542969 0.331250 0.026562 0.062500
0 0.529687 0.544792 0.025000 0.052083
0 0.470313 0.610417 0.034375 0.050000
0 0.569531 0.617708 0.032813 0.056250
0 0.742188 0.568750 0.050000 0.054167
0 0.765625 0.691667 0.031250 0.050000
0 0.904687 0.727083 0.037500 0.050000
0 0.828906 0.472917 0.048438 0.079167
0 0.945312 0.444792 0.043750 0.068750
0 0.885938 0.117708 0.037500 0.047917