0 0.104688 0.123958 0.050000 0.047917
0 0.229687 0.123958 0.037500 0.043750
0 0.305469 0.264583 0.045312 0.041667
0 0.260156 0.439583 0.042188 0.041667
0 0.072656 0.671875 0.042188 0.047917
0 0.197656 0.802083 0.039062 0.054167
0 0.277344 0.676042 0.045312 0.056250
0 0.481250 0.613542 0.043750 0.047917
0 0.575781 0.614583 0.039062 0.050000
0 0.535937 0.541667 0.034375 0.045833
0 0.463281 0.329167 0.026562 0.045833
0 0.552344 0.331250 0.032813 0.041667
0 0.903906 0.117708 0.042188 0.043750
0 0.841406 0.472917 0.035937 0.050000
0 0.962500 0.468750 0.037500 0.045833
0 0.746875 0.576042 0.043750 0.043750
0 0.777344 0.698958 0.035937 0.043750
0 0.911719 0.738542 0.039062 0.047917