0 0.097656 0.114583 0.032813 0.045833
0 0.237500 0.120833 0.034375 0.033333
0 0.307031 0.259375 0.035937 0.052083
0 0.259375 0.435417 0.034375 0.050000
0 0.067187 0.671875 0.037500 0.052083
0 0.278125 0.673958 0.034375 0.047917
0 0.193750 0.802083 0.031250 0.050000
0 0.460156 0.327083 0.035937 0.041667
0 0.556250 0.332292 0.031250 0.043750
0 0.537500 0.542708 0.031250 0.047917
0 0.475000 0.610417 0.028125 0.041667
0 0.575781 0.617708 0.029687 0.052083
0 0.906250 0.116667 0.031250 0.058333
0 0.964063 0.459375 0.037500 0.047917
0 0.836719 0.469792 0.029687 0.047917
0 0.751563 0.577083 0.031250 0.058333
0 0.773438 0.703125 0.031250 0.039583
0 0.911719 0.738542 0.032813 0.052083