0 0.100000 0.114583 0.034375 0.045833
0 0.236719 0.121875 0.035937 0.039583
0 0.303906 0.256250 0.035937 0.054167
0 0.260156 0.440625 0.045312 0.052083
0 0.065625 0.669792 0.040625 0.047917
0 0.276562 0.680208 0.040625 0.060417
0 0.193750 0.805208 0.034375 0.060417
0 0.461719 0.330208 0.039062 0.047917
0 0.556250 0.327083 0.037500 0.041667
0 0.537500 0.543750 0.034375 0.045833
0 0.474219 0.607292 0.026562 0.031250
0 0.578906 0.618750 0.032813 0.033333
0 0.912500 0.118750 0.031250 0.050000
0 0.964844 0.461458 0.029687 0.047917
0 0.840625 0.478125 0.031250 0.068750
0 0.751563 0.576042 0.034375 0.052083
0 0.782031 0.704167 0.042188 0.050000
0 0.913281 0.744792 0.032813 0.056250