0 0.064062 0.127083 0.040625 0.050000
0 0.202344 0.129167 0.035937 0.041667
0 0.269531 0.263542 0.042188 0.064583
0 0.232031 0.446875 0.042188 0.052083
0 0.042188 0.689583 0.037500 0.054167
0 0.179688 0.810417 0.037500 0.058333
0 0.253125 0.684375 0.034375 0.064583
0 0.429688 0.325000 0.037500 0.050000
0 0.522656 0.322917 0.032813 0.054167
0 0.457813 0.602083 0.031250 0.062500
0 0.511719 0.535417 0.032813 0.050000
0 0.550000 0.607292 0.025000 0.056250
0 0.728125 0.558333 0.050000 0.050000
0 0.808594 0.450000 0.045312 0.045833
0 0.924219 0.429167 0.042188 0.058333
0 0.750781 0.685417 0.039062 0.054167
0 0.883594 0.702083 0.039062 0.062500
0 0.856250 0.098958 0.050000 0.043750