0 0.065625 0.134375 0.046875 0.052083
0 0.199219 0.129167 0.045312 0.058333
0 0.271875 0.267708 0.037500 0.064583
0 0.233594 0.447917 0.042188 0.062500
0 0.042969 0.693750 0.039062 0.050000
0 0.254688 0.673958 0.040625 0.056250
0 0.182812 0.820833 0.040625 0.070833
0 0.447656 0.605208 0.042188 0.047917
0 0.551562 0.608333 0.034375 0.058333
0 0.510156 0.535417 0.042188 0.041667
0 0.431250 0.330208 0.031250 0.047917
0 0.524219 0.320833 0.023438 0.050000
0 0.859375 0.097917 0.037500 0.058333
0 0.809375 0.455208 0.040625 0.047917
0 0.928906 0.431250 0.045312 0.054167
0 0.722656 0.550000 0.048438 0.050000
0 0.752344 0.681250 0.039062 0.050000
0 0.884375 0.703125 0.031250 0.056250