0 0.082812 0.120833 0.043750 0.054167
0 0.220312 0.120833 0.043750 0.041667
0 0.288281 0.257292 0.042188 0.060417
0 0.246094 0.435417 0.051562 0.058333
0 0.266406 0.675000 0.045312 0.054167
0 0.185156 0.805208 0.035937 0.056250
0 0.059375 0.678125 0.043750 0.047917
0 0.449219 0.322917 0.032813 0.050000
0 0.542969 0.325000 0.045312 0.054167
0 0.525000 0.537500 0.025000 0.058333
0 0.467969 0.609375 0.042188 0.052083
0 0.564844 0.611458 0.039062 0.047917
0 0.738281 0.561458 0.054688 0.047917
0 0.763281 0.689583 0.035937 0.050000
0 0.901563 0.728125 0.043750 0.052083
0 0.831250 0.465625 0.043750 0.060417
0 0.949219 0.447917 0.042188 0.062500
0 0.892188 0.107292 0.040625 0.060417