0 0.058594 0.126042 0.029687 0.056250
0 0.198437 0.128125 0.037500 0.056250
0 0.269531 0.259375 0.042188 0.060417
0 0.233594 0.446875 0.042188 0.056250
0 0.252344 0.683333 0.048438 0.054167
0 0.179688 0.816667 0.034375 0.058333
0 0.040625 0.694792 0.043750 0.060417
0 0.450000 0.606250 0.040625 0.058333
0 0.510938 0.531250 0.040625 0.050000
0 0.552344 0.606250 0.035937 0.050000
0 0.746094 0.677083 0.045312 0.054167
0 0.888281 0.704167 0.042188 0.062500
0 0.725781 0.552083 0.064062 0.054167
0 0.810156 0.447917 0.051562 0.041667
0 0.928906 0.436458 0.054688 0.056250
0 0.867188 0.096875 0.050000 0.052083
0 0.432812 0.327083 0.037500 0.041667
0 0.525000 0.319792 0.053125 0.052083