0 0.059375 0.129167 0.037500 0.066667
0 0.196094 0.128125 0.039062 0.056250
0 0.269531 0.261458 0.032813 0.060417
0 0.230469 0.442708 0.051562 0.064583
0 0.260937 0.683333 0.046875 0.066667
0 0.180469 0.810417 0.057813 0.062500
0 0.046094 0.694792 0.054688 0.052083
0 0.455469 0.606250 0.039062 0.062500
0 0.516406 0.537500 0.042188 0.045833
0 0.559375 0.610417 0.037500 0.066667
0 0.431250 0.323958 0.031250 0.052083
0 0.523438 0.321875 0.034375 0.064583
0 0.753125 0.679167 0.046875 0.054167
0 0.728906 0.552083 0.045312 0.062500
0 0.810937 0.451042 0.043750 0.056250
0 0.882812 0.706250 0.037500 0.075000
0 0.928125 0.425000 0.043750 0.070833
0 0.865625 0.098958 0.037500 0.043750