0 0.098437 0.116667 0.046875 0.041667
0 0.232813 0.125000 0.046875 0.045833
0 0.300781 0.258333 0.029687 0.050000
0 0.266406 0.443750 0.060937 0.058333
0 0.067187 0.665625 0.040625 0.047917
0 0.274219 0.682292 0.039062 0.043750
0 0.460156 0.330208 0.023438 0.043750
0 0.558594 0.333333 0.029687 0.045833
0 0.533594 0.544792 0.029687 0.035417
0 0.477344 0.619792 0.026562 0.047917
0 0.575781 0.629167 0.029687 0.050000
0 0.908594 0.123958 0.035937 0.043750
0 0.837500 0.476042 0.034375 0.043750
0 0.964063 0.458333 0.043750 0.045833
0 0.751563 0.578125 0.037500 0.043750
0 0.778125 0.707292 0.034375 0.035417
0 0.913281 0.740625 0.032813 0.047917
0 0.196094 0.813542 0.035937 0.060417