0 0.099219 0.119792 0.039062 0.043750
0 0.228125 0.122917 0.040625 0.045833
0 0.296875 0.259375 0.046875 0.052083
0 0.260937 0.434375 0.043750 0.047917
0 0.069531 0.673958 0.039062 0.047917
0 0.277344 0.687500 0.060937 0.066667
0 0.198437 0.801042 0.037500 0.052083
0 0.478906 0.612500 0.039062 0.037500
0 0.532813 0.547917 0.040625 0.037500
0 0.575000 0.620833 0.040625 0.037500
0 0.458594 0.326042 0.035937 0.047917
0 0.550000 0.335417 0.037500 0.050000
0 0.745313 0.567708 0.040625 0.043750
0 0.773438 0.702083 0.046875 0.054167
0 0.907813 0.731250 0.043750 0.058333
0 0.840625 0.476042 0.046875 0.047917
0 0.960156 0.456250 0.042188 0.058333
0 0.905469 0.108333 0.035937 0.054167