0 0.089063 0.132292 0.037500 0.052083
0 0.222656 0.130208 0.032813 0.047917
0 0.293750 0.269792 0.043750 0.052083
0 0.252344 0.451042 0.039062 0.072917
0 0.062500 0.687500 0.037500 0.054167
0 0.273438 0.681250 0.043750 0.050000
0 0.196094 0.809375 0.042188 0.052083
0 0.452344 0.333333 0.029687 0.054167
0 0.545312 0.328125 0.043750 0.064583
0 0.471094 0.611458 0.032813 0.052083
0 0.569531 0.615625 0.039062 0.052083
0 0.738281 0.563542 0.039062 0.056250
0 0.821094 0.459375 0.045312 0.064583
0 0.763281 0.687500 0.051562 0.054167
0 0.902344 0.726042 0.039062 0.056250
0 0.948438 0.442708 0.040625 0.064583
0 0.885156 0.112500 0.035937 0.058333
0 0.531250 0.537500 0.037500 0.066667