0 0.085156 0.119792 0.042188 0.039583
0 0.221875 0.122917 0.040625 0.045833
0 0.290625 0.259375 0.040625 0.056250
0 0.248438 0.439583 0.034375 0.058333
0 0.266406 0.673958 0.042188 0.060417
0 0.188281 0.808333 0.035937 0.054167
0 0.062500 0.680208 0.056250 0.056250
0 0.464062 0.603125 0.040625 0.047917
0 0.522656 0.537500 0.039062 0.050000
0 0.566406 0.614583 0.035937 0.058333
0 0.448437 0.325000 0.031250 0.037500
0 0.542188 0.328125 0.031250 0.047917
0 0.743750 0.567708 0.040625 0.047917
0 0.765625 0.692708 0.034375 0.052083
0 0.902344 0.729167 0.051562 0.050000
0 0.829688 0.464583 0.043750 0.058333
0 0.950781 0.447917 0.045312 0.054167
0 0.889844 0.108333 0.039062 0.054167