0 0.100781 0.120833 0.020313 0.037500
0 0.231250 0.120833 0.021875 0.029167
0 0.302344 0.262500 0.026562 0.037500
0 0.258594 0.438542 0.029687 0.039583
0 0.066406 0.671875 0.026562 0.039583
0 0.274219 0.677083 0.026562 0.037500
0 0.195312 0.808333 0.021875 0.037500
0 0.460156 0.337500 0.023438 0.041667
0 0.554688 0.334375 0.025000 0.047917
0 0.535937 0.550000 0.021875 0.033333
0 0.478125 0.614583 0.025000 0.037500
0 0.571875 0.625000 0.025000 0.033333
0 0.906250 0.122917 0.021875 0.029167
0 0.962500 0.462500 0.021875 0.029167
0 0.838281 0.473958 0.026562 0.031250
0 0.749219 0.575000 0.032813 0.037500
0 0.775000 0.706250 0.025000 0.037500
0 0.914062 0.741667 0.025000 0.041667