0 0.100000 0.123958 0.028125 0.043750
0 0.233594 0.125000 0.029687 0.045833
0 0.300781 0.264583 0.032813 0.050000
0 0.258594 0.438542 0.032813 0.039583
0 0.273438 0.673958 0.031250 0.039583
0 0.195312 0.801042 0.021875 0.035417
0 0.068750 0.676042 0.025000 0.043750
0 0.461719 0.334375 0.020313 0.031250
0 0.556250 0.333333 0.021875 0.041667
0 0.531250 0.548958 0.025000 0.035417
0 0.475781 0.612500 0.017188 0.025000
0 0.573438 0.622917 0.015625 0.033333
0 0.907031 0.122917 0.017188 0.033333
0 0.839063 0.476042 0.021875 0.035417
0 0.964844 0.466667 0.032813 0.045833
0 0.750781 0.570833 0.029687 0.029167
0 0.777344 0.704167 0.026562 0.029167
0 0.914844 0.739583 0.026562 0.045833