0 0.078906 0.115625 0.039062 0.043750
0 0.218750 0.119792 0.037500 0.047917
0 0.288281 0.259375 0.045312 0.052083
0 0.244531 0.440625 0.042188 0.047917
0 0.263281 0.669792 0.035937 0.064583
0 0.189844 0.809375 0.026562 0.056250
0 0.060156 0.676042 0.042188 0.060417
0 0.470313 0.608333 0.040625 0.045833
0 0.526563 0.548958 0.040625 0.039583
0 0.565625 0.610417 0.028125 0.050000
0 0.450781 0.327083 0.035937 0.045833
0 0.542188 0.326042 0.031250 0.056250
0 0.742969 0.565625 0.039062 0.043750
0 0.764062 0.685417 0.031250 0.058333
0 0.904687 0.732292 0.037500 0.052083
0 0.828906 0.463542 0.032813 0.047917
0 0.951562 0.446875 0.037500 0.060417
0 0.888281 0.106250 0.035937 0.045833