0 0.102344 0.115625 0.032813 0.035417
0 0.230469 0.117708 0.039062 0.039583
0 0.304688 0.256250 0.053125 0.054167
0 0.251563 0.434375 0.040625 0.047917
0 0.273438 0.671875 0.043750 0.052083
0 0.071875 0.669792 0.031250 0.052083
0 0.190625 0.795833 0.040625 0.050000
0 0.468750 0.606250 0.034375 0.045833
0 0.571875 0.618750 0.040625 0.037500
0 0.538281 0.539583 0.032813 0.041667
0 0.462500 0.334375 0.028125 0.043750
0 0.547656 0.331250 0.045312 0.054167
0 0.748437 0.570833 0.034375 0.041667
0 0.776563 0.702083 0.034375 0.054167
0 0.905469 0.738542 0.045312 0.047917
0 0.846875 0.475000 0.046875 0.045833
0 0.967969 0.460417 0.048438 0.045833
0 0.903906 0.115625 0.042188 0.043750