0 0.092969 0.133333 0.039062 0.050000
0 0.223438 0.133333 0.034375 0.041667
0 0.291406 0.268750 0.032813 0.041667
0 0.253125 0.451042 0.037500 0.047917
0 0.272656 0.686458 0.032813 0.052083
0 0.060937 0.686458 0.046875 0.047917
0 0.196094 0.812500 0.039062 0.050000
0 0.449219 0.332292 0.029687 0.043750
0 0.541406 0.332292 0.032813 0.056250
0 0.528125 0.544792 0.031250 0.056250
0 0.467969 0.616667 0.026562 0.050000
0 0.568750 0.617708 0.025000 0.060417
0 0.739062 0.567708 0.040625 0.056250
0 0.764844 0.691667 0.039062 0.054167
0 0.903906 0.725000 0.035937 0.062500
0 0.828125 0.470833 0.037500 0.058333
0 0.948438 0.451042 0.040625 0.056250
0 0.883594 0.115625 0.026562 0.047917