0 0.098437 0.111458 0.028125 0.043750
0 0.228906 0.118750 0.032813 0.037500
0 0.303125 0.260417 0.031250 0.045833
0 0.251563 0.435417 0.037500 0.045833
0 0.273438 0.678125 0.037500 0.043750
0 0.064844 0.667708 0.029687 0.052083
0 0.189844 0.796875 0.039062 0.047917
0 0.473438 0.607292 0.028125 0.047917
0 0.567187 0.615625 0.037500 0.043750
0 0.536719 0.544792 0.032813 0.043750
0 0.456250 0.329167 0.028125 0.050000
0 0.551562 0.327083 0.028125 0.045833
0 0.746094 0.570833 0.032813 0.041667
0 0.767969 0.694792 0.035937 0.043750
0 0.910937 0.738542 0.040625 0.047917
0 0.842187 0.468750 0.031250 0.045833
0 0.957812 0.465625 0.040625 0.047917
0 0.903125 0.117708 0.040625 0.035417