0 0.078906 0.115625 0.039062 0.039583
0 0.217188 0.117708 0.034375 0.043750
0 0.291406 0.253125 0.035937 0.072917
0 0.247656 0.440625 0.048438 0.056250
0 0.055469 0.675000 0.039062 0.050000
0 0.271094 0.679167 0.051562 0.045833
0 0.191406 0.811458 0.032813 0.056250
0 0.466406 0.605208 0.035937 0.039583
0 0.527344 0.536458 0.035937 0.052083
0 0.567187 0.611458 0.028125 0.052083
0 0.448437 0.326042 0.037500 0.047917
0 0.541406 0.322917 0.042188 0.058333
0 0.742188 0.561458 0.046875 0.047917
0 0.764844 0.685417 0.039062 0.058333
0 0.904687 0.728125 0.046875 0.052083
0 0.828906 0.466667 0.045312 0.058333
0 0.948438 0.451042 0.040625 0.047917
0 0.890625 0.108333 0.031250 0.050000