0 0.091406 0.138542 0.035937 0.064583
0 0.221094 0.131250 0.042188 0.066667
0 0.289844 0.267708 0.042188 0.072917
0 0.251563 0.453125 0.050000 0.072917
0 0.271094 0.682292 0.042188 0.056250
0 0.064844 0.687500 0.045312 0.050000
0 0.193750 0.810417 0.043750 0.045833
0 0.450000 0.331250 0.025000 0.045833
0 0.544531 0.328125 0.048438 0.047917
0 0.523438 0.538542 0.043750 0.043750
0 0.469531 0.615625 0.032813 0.043750
0 0.567969 0.618750 0.032813 0.041667
0 0.764844 0.692708 0.042188 0.052083
0 0.905469 0.723958 0.029687 0.056250
0 0.738281 0.567708 0.039062 0.043750
0 0.825000 0.462500 0.040625 0.045833
0 0.949219 0.448958 0.032813 0.052083
0 0.882031 0.106250 0.042188 0.054167