0 0.100000 0.107292 0.025000 0.035417
0 0.233594 0.114583 0.026562 0.037500
0 0.067969 0.661458 0.035937 0.043750
0 0.306250 0.257292 0.034375 0.047917
0 0.259375 0.435417 0.028125 0.050000
0 0.277344 0.676042 0.039062 0.047917
0 0.462500 0.331250 0.037500 0.041667
0 0.556250 0.329167 0.028125 0.037500
0 0.537500 0.537500 0.028125 0.037500
0 0.477344 0.605208 0.029687 0.039583
0 0.573438 0.615625 0.031250 0.043750
0 0.908594 0.119792 0.029687 0.043750
0 0.840625 0.468750 0.034375 0.037500
0 0.964063 0.465625 0.034375 0.043750
0 0.753125 0.570833 0.034375 0.037500
0 0.777344 0.696875 0.026562 0.043750
0 0.909375 0.736458 0.034375 0.043750
0 0.193750 0.793750 0.034375 0.050000