0 0.067187 0.132292 0.031250 0.047917
0 0.195312 0.127083 0.037500 0.045833
0 0.271094 0.262500 0.042188 0.070833
0 0.228906 0.440625 0.051562 0.060417
0 0.046875 0.690625 0.059375 0.056250
0 0.246875 0.672917 0.068750 0.070833
0 0.179688 0.815625 0.043750 0.072917
0 0.450000 0.602083 0.040625 0.054167
0 0.507812 0.538542 0.043750 0.047917
0 0.553906 0.604167 0.045312 0.054167
0 0.428906 0.329167 0.042188 0.045833
0 0.522656 0.322917 0.032813 0.054167
0 0.721875 0.556250 0.043750 0.050000
0 0.744531 0.678125 0.057813 0.060417
0 0.883594 0.709375 0.039062 0.068750
0 0.810156 0.454167 0.042188 0.045833
0 0.931250 0.438542 0.043750 0.052083
0 0.866406 0.097917 0.051562 0.041667