0 0.080469 0.119792 0.035937 0.052083
0 0.219531 0.119792 0.035937 0.039583
0 0.290625 0.259375 0.037500 0.052083
0 0.246875 0.441667 0.040625 0.050000
0 0.266406 0.678125 0.032813 0.056250
0 0.187500 0.809375 0.031250 0.056250
0 0.056250 0.679167 0.037500 0.054167
0 0.465625 0.611458 0.040625 0.052083
0 0.525781 0.540625 0.035937 0.047917
0 0.564844 0.614583 0.029687 0.045833
0 0.449219 0.329167 0.032813 0.050000
0 0.542188 0.328125 0.040625 0.052083
0 0.739062 0.564583 0.040625 0.050000
0 0.764062 0.691667 0.034375 0.050000
0 0.827344 0.460417 0.042188 0.041667
0 0.902344 0.728125 0.035937 0.056250
0 0.951562 0.451042 0.034375 0.056250
0 0.885938 0.108333 0.031250 0.058333