0 0.062500 0.126042 0.028125 0.052083
0 0.196094 0.130208 0.032813 0.047917
0 0.269531 0.264583 0.045312 0.054167
0 0.232813 0.450000 0.053125 0.050000
0 0.253125 0.675000 0.056250 0.083333
0 0.046094 0.700000 0.039062 0.045833
0 0.175781 0.810417 0.035937 0.050000
0 0.453125 0.608333 0.059375 0.058333
0 0.515625 0.537500 0.040625 0.037500
0 0.554688 0.613542 0.031250 0.047917
0 0.723437 0.559375 0.037500 0.052083
0 0.750000 0.680208 0.046875 0.056250
0 0.891406 0.711458 0.060937 0.060417
0 0.809375 0.455208 0.040625 0.060417
0 0.925000 0.433333 0.046875 0.058333
0 0.875000 0.105208 0.059375 0.043750
0 0.432812 0.329167 0.037500 0.045833
0 0.528906 0.319792 0.051562 0.052083