0 0.060156 0.129167 0.039062 0.045833
0 0.195312 0.130208 0.021875 0.039583
0 0.269531 0.264583 0.045312 0.037500
0 0.232813 0.445833 0.053125 0.050000
0 0.257031 0.683333 0.042188 0.041667
0 0.046094 0.701042 0.045312 0.039583
0 0.181250 0.816667 0.037500 0.041667
0 0.451562 0.608333 0.040625 0.054167
0 0.511719 0.538542 0.032813 0.060417
0 0.558594 0.610417 0.039062 0.050000
0 0.431250 0.331250 0.031250 0.041667
0 0.524219 0.323958 0.029687 0.047917
0 0.720313 0.558333 0.059375 0.037500
0 0.748437 0.677083 0.046875 0.041667
0 0.883594 0.708333 0.035937 0.050000
0 0.813281 0.459375 0.045312 0.060417
0 0.930469 0.436458 0.039062 0.068750
0 0.865625 0.101042 0.040625 0.043750