0 0.109375 0.122917 0.046875 0.050000
0 0.230469 0.125000 0.048438 0.050000
0 0.302344 0.259375 0.039062 0.064583
0 0.262500 0.440625 0.050000 0.056250
0 0.068750 0.670833 0.037500 0.050000
0 0.275000 0.677083 0.050000 0.062500
0 0.461719 0.336458 0.032813 0.056250
0 0.555469 0.331250 0.045312 0.054167
0 0.533594 0.545833 0.023438 0.037500
0 0.475000 0.615625 0.025000 0.043750
0 0.574219 0.626042 0.023438 0.043750
0 0.746875 0.579167 0.025000 0.058333
0 0.773438 0.702083 0.021875 0.037500
0 0.911719 0.741667 0.020313 0.054167
0 0.968750 0.465625 0.031250 0.039583
0 0.840625 0.476042 0.034375 0.039583
0 0.909375 0.117708 0.028125 0.031250
0 0.196094 0.808333 0.032813 0.066667