0 0.099219 0.119792 0.026562 0.031250
0 0.230469 0.125000 0.023438 0.029167
0 0.300000 0.264583 0.028125 0.037500
0 0.255469 0.438542 0.032813 0.031250
0 0.273438 0.673958 0.043750 0.039583
0 0.071094 0.670833 0.048438 0.033333
0 0.194531 0.800000 0.032813 0.045833
0 0.471875 0.608333 0.028125 0.033333
0 0.573438 0.618750 0.037500 0.029167
0 0.535937 0.543750 0.034375 0.037500
0 0.456250 0.329167 0.034375 0.054167
0 0.547656 0.328125 0.039062 0.047917
0 0.902344 0.116667 0.029687 0.037500
0 0.960156 0.460417 0.039062 0.037500
0 0.844531 0.472917 0.035937 0.045833
0 0.753906 0.578125 0.042188 0.039583
0 0.775781 0.704167 0.035937 0.041667
0 0.906250 0.738542 0.034375 0.039583