0 0.101562 0.116667 0.031250 0.050000
0 0.234375 0.117708 0.025000 0.047917
0 0.303906 0.256250 0.032813 0.050000
0 0.259375 0.437500 0.037500 0.041667
0 0.064844 0.669792 0.032813 0.047917
0 0.274219 0.676042 0.032813 0.056250
0 0.196094 0.801042 0.026562 0.047917
0 0.460938 0.331250 0.028125 0.058333
0 0.555469 0.329167 0.026562 0.054167
0 0.538281 0.543750 0.026562 0.058333
0 0.473438 0.609375 0.028125 0.047917
0 0.575000 0.615625 0.031250 0.043750
0 0.903125 0.119792 0.034375 0.052083
0 0.960938 0.459375 0.037500 0.043750
0 0.839844 0.471875 0.032813 0.056250
0 0.752344 0.570833 0.029687 0.050000
0 0.776563 0.703125 0.043750 0.052083
0 0.912500 0.742708 0.031250 0.052083