0 0.104688 0.120833 0.034375 0.050000
0 0.228125 0.125000 0.034375 0.050000
0 0.304688 0.260417 0.034375 0.050000
0 0.262500 0.431250 0.034375 0.050000
0 0.064062 0.666667 0.034375 0.050000
0 0.275000 0.681250 0.034375 0.050000
0 0.196875 0.808333 0.034375 0.050000
0 0.471875 0.616667 0.034375 0.050000
0 0.529687 0.545833 0.034375 0.050000
0 0.581250 0.627083 0.034375 0.050000
0 0.557813 0.333333 0.034375 0.050000
0 0.465625 0.327083 0.034375 0.050000
0 0.904687 0.127083 0.034375 0.050000
0 0.970313 0.452083 0.034375 0.050000
0 0.839063 0.468750 0.034375 0.050000
0 0.743750 0.570833 0.034375 0.050000
0 0.767188 0.697917 0.034375 0.050000
0 0.909375 0.741667 0.034375 0.050000