0 0.082812 0.120833 0.040625 0.050000
0 0.217969 0.121875 0.039062 0.052083
0 0.287500 0.258333 0.040625 0.054167
0 0.246875 0.437500 0.037500 0.062500
0 0.267188 0.681250 0.034375 0.045833
0 0.187500 0.807292 0.037500 0.052083
0 0.056250 0.679167 0.037500 0.058333
0 0.448437 0.319792 0.031250 0.052083
0 0.542188 0.328125 0.028125 0.052083
0 0.528125 0.538542 0.034375 0.039583
0 0.564844 0.612500 0.035937 0.041667
0 0.464844 0.611458 0.026562 0.052083
0 0.742969 0.565625 0.042188 0.052083
0 0.765625 0.692708 0.034375 0.056250
0 0.900781 0.728125 0.045312 0.056250
0 0.831250 0.465625 0.040625 0.056250
0 0.950781 0.444792 0.045312 0.047917
0 0.889062 0.105208 0.034375 0.047917