0 0.100781 0.125000 0.032813 0.054167
0 0.233594 0.128125 0.051562 0.060417
0 0.302344 0.260417 0.039062 0.050000
0 0.258594 0.440625 0.042188 0.052083
0 0.272656 0.682292 0.048438 0.064583
0 0.072656 0.666667 0.054688 0.054167
0 0.457813 0.338542 0.037500 0.052083
0 0.551562 0.343750 0.034375 0.045833
0 0.533594 0.543750 0.032813 0.037500
0 0.476562 0.613542 0.037500 0.031250
0 0.573438 0.626042 0.028125 0.039583
0 0.907031 0.121875 0.039062 0.039583
0 0.961719 0.458333 0.042188 0.045833
0 0.841406 0.485417 0.032813 0.062500
0 0.752344 0.578125 0.042188 0.039583
0 0.778125 0.700000 0.043750 0.054167
0 0.912500 0.742708 0.037500 0.072917
0 0.194531 0.808333 0.026562 0.050000