0 0.106250 0.114583 0.050000 0.045833
0 0.237500 0.112500 0.040625 0.058333
0 0.296875 0.241667 0.050000 0.066667
0 0.260937 0.427083 0.040625 0.062500
0 0.067187 0.667708 0.050000 0.056250
0 0.275781 0.675000 0.054688 0.054167
0 0.196094 0.801042 0.042188 0.064583
0 0.471094 0.605208 0.051562 0.047917
0 0.531250 0.540625 0.050000 0.039583
0 0.578906 0.605208 0.039062 0.056250
0 0.462500 0.332292 0.050000 0.068750
0 0.550781 0.321875 0.045312 0.064583
0 0.748437 0.569792 0.050000 0.068750
0 0.775781 0.703125 0.051562 0.064583
0 0.913281 0.739583 0.051562 0.058333
0 0.842187 0.475000 0.053125 0.058333
0 0.963281 0.457292 0.042188 0.056250
0 0.902344 0.116667 0.054688 0.066667