0 0.064062 0.127083 0.034375 0.045833
0 0.194531 0.129167 0.039062 0.062500
0 0.274219 0.261458 0.045312 0.052083
0 0.233594 0.446875 0.039062 0.060417
0 0.261719 0.681250 0.057813 0.062500
0 0.181250 0.818750 0.040625 0.054167
0 0.046094 0.695833 0.048438 0.058333
0 0.452344 0.607292 0.035937 0.052083
0 0.513281 0.532292 0.029687 0.047917
0 0.556250 0.610417 0.043750 0.050000
0 0.431250 0.325000 0.031250 0.050000
0 0.523438 0.320833 0.031250 0.054167
0 0.721875 0.552083 0.053125 0.054167
0 0.750781 0.677083 0.035937 0.058333
0 0.886719 0.710417 0.042188 0.050000
0 0.927344 0.435417 0.035937 0.054167
0 0.811719 0.450000 0.035937 0.050000
0 0.871094 0.096875 0.045312 0.043750