0 0.097656 0.115625 0.035937 0.043750
0 0.229687 0.122917 0.031250 0.041667
0 0.303125 0.257292 0.028125 0.052083
0 0.256250 0.435417 0.037500 0.050000
0 0.072656 0.677083 0.035937 0.050000
0 0.274219 0.676042 0.039062 0.052083
0 0.194531 0.805208 0.035937 0.047917
0 0.463281 0.333333 0.039062 0.033333
0 0.553125 0.325000 0.031250 0.050000
0 0.534375 0.539583 0.037500 0.045833
0 0.473438 0.608333 0.034375 0.050000
0 0.576562 0.621875 0.037500 0.039583
0 0.746094 0.572917 0.039062 0.041667
0 0.908594 0.115625 0.029687 0.039583
0 0.840625 0.476042 0.031250 0.039583
0 0.964844 0.464583 0.029687 0.041667
0 0.774219 0.705208 0.035937 0.043750
0 0.905469 0.732292 0.042188 0.047917