0 0.064062 0.130208 0.034375 0.052083
0 0.197656 0.130208 0.045312 0.035417
0 0.269531 0.260417 0.039062 0.050000
0 0.235937 0.447917 0.034375 0.062500
0 0.257031 0.685417 0.051562 0.041667
0 0.181250 0.815625 0.037500 0.047917
0 0.043750 0.697917 0.034375 0.037500
0 0.454688 0.607292 0.034375 0.043750
0 0.511719 0.535417 0.026562 0.045833
0 0.553125 0.611458 0.034375 0.043750
0 0.429688 0.323958 0.028125 0.039583
0 0.524219 0.321875 0.032813 0.052083
0 0.725000 0.559375 0.040625 0.043750
0 0.749219 0.683333 0.035937 0.037500
0 0.885938 0.708333 0.050000 0.041667
0 0.808594 0.452083 0.042188 0.045833
0 0.928906 0.433333 0.051562 0.045833
0 0.864062 0.101042 0.031250 0.052083