0 0.104688 0.123958 0.043750 0.052083
0 0.227344 0.132292 0.045312 0.043750
0 0.299219 0.254167 0.054688 0.070833
0 0.260937 0.440625 0.037500 0.060417
0 0.069531 0.662500 0.045312 0.070833
0 0.272656 0.676042 0.048438 0.060417
0 0.193750 0.794792 0.050000 0.068750
0 0.471875 0.606250 0.037500 0.045833
0 0.574219 0.608333 0.039062 0.050000
0 0.534375 0.542708 0.037500 0.043750
0 0.455469 0.333333 0.042188 0.050000
0 0.556250 0.330208 0.031250 0.047917
0 0.749219 0.570833 0.039062 0.045833
0 0.769531 0.702083 0.051562 0.050000
0 0.907031 0.735417 0.039062 0.062500
0 0.842969 0.472917 0.042188 0.054167
0 0.958594 0.463542 0.045312 0.056250
0 0.910156 0.115625 0.048438 0.056250