0 0.064062 0.134375 0.034375 0.052083
0 0.200000 0.130208 0.028125 0.043750
0 0.267188 0.263542 0.037500 0.056250
0 0.230469 0.448958 0.048438 0.068750
0 0.047656 0.696875 0.045312 0.060417
0 0.249219 0.686458 0.064062 0.043750
0 0.181250 0.808333 0.043750 0.054167
0 0.450781 0.606250 0.035937 0.045833
0 0.550781 0.607292 0.035937 0.052083
0 0.513281 0.533333 0.048438 0.050000
0 0.431250 0.332292 0.025000 0.060417
0 0.525000 0.323958 0.040625 0.052083
0 0.867188 0.100000 0.043750 0.041667
0 0.810937 0.451042 0.040625 0.047917
0 0.927344 0.434375 0.035937 0.064583
0 0.720313 0.560417 0.050000 0.045833
0 0.750781 0.678125 0.042188 0.047917
0 0.883594 0.704167 0.035937 0.058333