0 0.093750 0.134375 0.031250 0.056250
0 0.225000 0.133333 0.031250 0.050000
0 0.296094 0.269792 0.039062 0.052083
0 0.253125 0.454167 0.046875 0.062500
0 0.065625 0.678125 0.043750 0.056250
0 0.193750 0.804167 0.040625 0.066667
0 0.271094 0.680208 0.035937 0.056250
0 0.450000 0.332292 0.025000 0.047917
0 0.542969 0.328125 0.026562 0.052083
0 0.534375 0.544792 0.043750 0.039583
0 0.468750 0.612500 0.034375 0.045833
0 0.568750 0.616667 0.034375 0.041667
0 0.887500 0.106250 0.037500 0.062500
0 0.950000 0.450000 0.028125 0.054167
0 0.827344 0.462500 0.035937 0.050000
0 0.737500 0.564583 0.034375 0.050000
0 0.764062 0.689583 0.037500 0.050000
0 0.902344 0.721875 0.035937 0.047917