0 0.063281 0.131250 0.039062 0.050000
0 0.200000 0.134375 0.034375 0.052083
0 0.274219 0.267708 0.054688 0.043750
0 0.232031 0.444792 0.051562 0.068750
0 0.039062 0.693750 0.046875 0.050000
0 0.253906 0.685417 0.054688 0.041667
0 0.175781 0.809375 0.042188 0.052083
0 0.435937 0.331250 0.034375 0.058333
0 0.524219 0.328125 0.035937 0.052083
0 0.453125 0.607292 0.034375 0.039583
0 0.511719 0.535417 0.026562 0.041667
0 0.546875 0.608333 0.028125 0.054167
0 0.727344 0.552083 0.048438 0.050000
0 0.746875 0.678125 0.040625 0.056250
0 0.884375 0.704167 0.037500 0.066667
0 0.807031 0.457292 0.035937 0.064583
0 0.926562 0.433333 0.031250 0.058333
0 0.864844 0.101042 0.039062 0.047917