0 0.102344 0.121875 0.026562 0.043750
0 0.235937 0.130208 0.037500 0.064583
0 0.300000 0.257292 0.031250 0.056250
0 0.259375 0.442708 0.040625 0.047917
0 0.267188 0.680208 0.046875 0.047917
0 0.072656 0.672917 0.039062 0.054167
0 0.196875 0.802083 0.043750 0.062500
0 0.460938 0.320833 0.028125 0.058333
0 0.550781 0.321875 0.032813 0.047917
0 0.534375 0.544792 0.037500 0.043750
0 0.476562 0.609375 0.031250 0.039583
0 0.578906 0.619792 0.029687 0.039583
0 0.747656 0.576042 0.032813 0.039583
0 0.770312 0.700000 0.037500 0.054167
0 0.909375 0.739583 0.037500 0.054167
0 0.835156 0.468750 0.032813 0.050000
0 0.961719 0.469792 0.039062 0.047917
0 0.903906 0.114583 0.035937 0.045833