0 0.101562 0.119792 0.018750 0.022917
0 0.233594 0.130208 0.023438 0.031250
0 0.300781 0.261458 0.020313 0.031250
0 0.260156 0.439583 0.029687 0.037500
0 0.275781 0.672917 0.023438 0.037500
0 0.068750 0.671875 0.015625 0.039583
0 0.195312 0.809375 0.009375 0.035417
0 0.463281 0.339583 0.017188 0.037500
0 0.552344 0.337500 0.020313 0.037500
0 0.536719 0.545833 0.017188 0.025000
0 0.476562 0.614583 0.021875 0.025000
0 0.577344 0.622917 0.020313 0.029167
0 0.909375 0.118750 0.015625 0.025000
0 0.960156 0.463542 0.026562 0.031250
0 0.835938 0.473958 0.021875 0.022917
0 0.750781 0.571875 0.017188 0.035417
0 0.775000 0.708333 0.021875 0.029167
0 0.911719 0.742708 0.023438 0.039583