0 0.082031 0.116667 0.042188 0.045833
0 0.217188 0.119792 0.046875 0.039583
0 0.291406 0.262500 0.039062 0.058333
0 0.253906 0.442708 0.064062 0.060417
0 0.266406 0.676042 0.035937 0.052083
0 0.185938 0.807292 0.040625 0.056250
0 0.055469 0.678125 0.042188 0.043750
0 0.450000 0.325000 0.043750 0.045833
0 0.539844 0.325000 0.032813 0.050000
0 0.524219 0.538542 0.035937 0.047917
0 0.567187 0.614583 0.025000 0.033333
0 0.467187 0.614583 0.043750 0.045833
0 0.742969 0.563542 0.048438 0.043750
0 0.767188 0.691667 0.034375 0.054167
0 0.901563 0.726042 0.043750 0.047917
0 0.831250 0.470833 0.040625 0.070833
0 0.953125 0.451042 0.053125 0.052083
0 0.890625 0.107292 0.037500 0.052083