0 0.081250 0.120833 0.028125 0.050000
0 0.217969 0.116667 0.039062 0.058333
0 0.292969 0.257292 0.039062 0.056250
0 0.247656 0.437500 0.045312 0.054167
0 0.264844 0.667708 0.032813 0.068750
0 0.187500 0.803125 0.031250 0.064583
0 0.057813 0.680208 0.043750 0.052083
0 0.448437 0.321875 0.043750 0.052083
0 0.541406 0.326042 0.032813 0.052083
0 0.525781 0.536458 0.039062 0.039583
0 0.565625 0.611458 0.040625 0.043750
0 0.464844 0.603125 0.032813 0.052083
0 0.894531 0.109375 0.048438 0.056250
0 0.952344 0.441667 0.045312 0.066667
0 0.829688 0.460417 0.040625 0.062500
0 0.739062 0.565625 0.046875 0.047917
0 0.764844 0.686458 0.039062 0.052083
0 0.904687 0.726042 0.040625 0.068750