0 0.064062 0.130208 0.031250 0.043750
0 0.197656 0.128125 0.032813 0.043750
0 0.271094 0.267708 0.032813 0.052083
0 0.232031 0.450000 0.035937 0.066667
0 0.253906 0.678125 0.042188 0.060417
0 0.044531 0.695833 0.035937 0.050000
0 0.178125 0.811458 0.040625 0.047917
0 0.429688 0.330208 0.028125 0.047917
0 0.527344 0.320833 0.032813 0.054167
0 0.512500 0.532292 0.025000 0.043750
0 0.453906 0.604167 0.045312 0.054167
0 0.556250 0.605208 0.028125 0.052083
0 0.723437 0.554167 0.053125 0.045833
0 0.752344 0.680208 0.032813 0.052083
0 0.885938 0.707292 0.031250 0.056250
0 0.807813 0.454167 0.040625 0.058333
0 0.923438 0.438542 0.043750 0.047917
0 0.866406 0.102083 0.051562 0.041667