0 0.106250 0.119792 0.031250 0.047917
0 0.232813 0.118750 0.046875 0.050000
0 0.304688 0.251042 0.062500 0.089583
0 0.265625 0.442708 0.050000 0.068750
0 0.066406 0.669792 0.039062 0.060417
0 0.269531 0.673958 0.045312 0.060417
0 0.195312 0.806250 0.053125 0.054167
0 0.474219 0.605208 0.042188 0.072917
0 0.575781 0.618750 0.042188 0.041667
0 0.535937 0.534375 0.040625 0.047917
0 0.464062 0.331250 0.034375 0.045833
0 0.560156 0.326042 0.045312 0.052083
0 0.749219 0.570833 0.035937 0.054167
0 0.768750 0.704167 0.053125 0.070833
0 0.846094 0.466667 0.054688 0.075000
0 0.914844 0.727083 0.042188 0.079167
0 0.959375 0.462500 0.056250 0.054167
0 0.908594 0.115625 0.035937 0.039583