0 0.096875 0.122917 0.040625 0.045833
0 0.231250 0.122917 0.040625 0.045833
0 0.296875 0.256250 0.037500 0.054167
0 0.251563 0.434375 0.053125 0.060417
0 0.070312 0.675000 0.037500 0.050000
0 0.271875 0.679167 0.037500 0.058333
0 0.198437 0.802083 0.034375 0.050000
0 0.470313 0.608333 0.037500 0.037500
0 0.569531 0.611458 0.039062 0.043750
0 0.536719 0.539583 0.042188 0.050000
0 0.465625 0.333333 0.034375 0.050000
0 0.548438 0.332292 0.034375 0.043750
0 0.750000 0.570833 0.040625 0.045833
0 0.779687 0.700000 0.037500 0.050000
0 0.909375 0.736458 0.071875 0.064583
0 0.845313 0.467708 0.037500 0.060417
0 0.960938 0.462500 0.034375 0.045833
0 0.905469 0.116667 0.032813 0.050000