0 0.098437 0.116667 0.050000 0.045833
0 0.232031 0.125000 0.035937 0.041667
0 0.301563 0.259375 0.037500 0.047917
0 0.263281 0.445833 0.051562 0.066667
0 0.277344 0.670833 0.039062 0.054167
0 0.066406 0.666667 0.042188 0.050000
0 0.198437 0.809375 0.037500 0.047917
0 0.476562 0.608333 0.037500 0.050000
0 0.573438 0.618750 0.043750 0.041667
0 0.531250 0.538542 0.040625 0.047917
0 0.460938 0.328125 0.040625 0.056250
0 0.555469 0.333333 0.035937 0.050000
0 0.842969 0.472917 0.039062 0.045833
0 0.755469 0.573958 0.045312 0.047917
0 0.772656 0.703125 0.045312 0.043750
0 0.908594 0.740625 0.042188 0.052083
0 0.956250 0.461458 0.037500 0.043750
0 0.900000 0.119792 0.046875 0.047917