0 0.101562 0.117708 0.031250 0.027083
0 0.234375 0.129167 0.025000 0.041667
0 0.300781 0.261458 0.020313 0.035417
0 0.262500 0.437500 0.034375 0.033333
0 0.068750 0.672917 0.025000 0.037500
0 0.278125 0.681250 0.040625 0.050000
0 0.196094 0.806250 0.017188 0.037500
0 0.460938 0.332292 0.018750 0.039583
0 0.557031 0.328125 0.020313 0.027083
0 0.534375 0.545833 0.018750 0.029167
0 0.478125 0.611458 0.021875 0.031250
0 0.575000 0.621875 0.025000 0.022917
0 0.907813 0.120833 0.018750 0.029167
0 0.963281 0.457292 0.023438 0.031250
0 0.839844 0.473958 0.020313 0.027083
0 0.750781 0.567708 0.029687 0.022917
0 0.774219 0.704167 0.026562 0.025000
0 0.916406 0.745833 0.026562 0.037500