0 0.096094 0.117708 0.035937 0.060417
0 0.232813 0.120833 0.031250 0.058333
0 0.303906 0.261458 0.035937 0.047917
0 0.258594 0.432292 0.035937 0.052083
0 0.063281 0.673958 0.032813 0.056250
0 0.275000 0.675000 0.043750 0.050000
0 0.194531 0.804167 0.035937 0.054167
0 0.460938 0.334375 0.037500 0.060417
0 0.554688 0.328125 0.037500 0.043750
0 0.535937 0.546875 0.034375 0.052083
0 0.475000 0.606250 0.034375 0.045833
0 0.577344 0.612500 0.042188 0.041667
0 0.910156 0.116667 0.039062 0.045833
0 0.964844 0.456250 0.045312 0.045833
0 0.844531 0.470833 0.045312 0.045833
0 0.750000 0.569792 0.037500 0.039583
0 0.773438 0.707292 0.034375 0.060417
0 0.910937 0.735417 0.031250 0.058333