0 0.062500 0.129167 0.034375 0.054167
0 0.197656 0.128125 0.026562 0.039583
0 0.273438 0.263542 0.034375 0.060417
0 0.232813 0.442708 0.050000 0.068750
0 0.253906 0.679167 0.054688 0.066667
0 0.177344 0.810417 0.035937 0.062500
0 0.046875 0.694792 0.040625 0.052083
0 0.457031 0.603125 0.032813 0.047917
0 0.514844 0.534375 0.032813 0.047917
0 0.556250 0.609375 0.040625 0.047917
0 0.435156 0.321875 0.048438 0.056250
0 0.522656 0.322917 0.029687 0.062500
0 0.866406 0.096875 0.045312 0.056250
0 0.929688 0.432292 0.028125 0.064583
0 0.810156 0.446875 0.051562 0.056250
0 0.721094 0.551042 0.048438 0.056250
0 0.750781 0.673958 0.042188 0.052083
0 0.883594 0.702083 0.035937 0.062500