0 0.103906 0.117708 0.035937 0.043750
0 0.235156 0.115625 0.035937 0.043750
0 0.302344 0.251042 0.035937 0.043750
0 0.260156 0.436458 0.035937 0.043750
0 0.061719 0.669792 0.035937 0.043750
0 0.272656 0.678125 0.035937 0.043750
0 0.197656 0.807292 0.035937 0.043750
0 0.469531 0.609375 0.035937 0.043750
0 0.533594 0.538542 0.035937 0.043750
0 0.571094 0.621875 0.035937 0.043750
0 0.911719 0.742708 0.035937 0.043750
0 0.766406 0.709375 0.035937 0.043750
0 0.750781 0.567708 0.035937 0.043750
0 0.838281 0.473958 0.035937 0.043750
0 0.961719 0.457292 0.035937 0.043750
0 0.902344 0.123958 0.035937 0.043750
0 0.555469 0.319792 0.035937 0.043750
0 0.464844 0.323958 0.035937 0.043750