0 0.063281 0.125000 0.054688 0.050000
0 0.197656 0.125000 0.048438 0.058333
0 0.271094 0.258333 0.054688 0.054167
0 0.237500 0.450000 0.062500 0.066667
0 0.259375 0.679167 0.050000 0.058333
0 0.050781 0.692708 0.060937 0.052083
0 0.178125 0.811458 0.053125 0.043750
0 0.450781 0.604167 0.048438 0.041667
0 0.550000 0.608333 0.046875 0.045833
0 0.507812 0.535417 0.071875 0.054167
0 0.432812 0.328125 0.043750 0.043750
0 0.519531 0.315625 0.039062 0.052083
0 0.725000 0.552083 0.037500 0.037500
0 0.807813 0.454167 0.050000 0.058333
0 0.928906 0.434375 0.057813 0.052083
0 0.885156 0.709375 0.035937 0.056250
0 0.753906 0.687500 0.032813 0.062500
0 0.867969 0.091667 0.051562 0.050000