0 0.082812 0.116667 0.040625 0.045833
0 0.217188 0.119792 0.043750 0.043750
0 0.289844 0.258333 0.035937 0.054167
0 0.250000 0.438542 0.040625 0.052083
0 0.267969 0.673958 0.032813 0.052083
0 0.186719 0.808333 0.026562 0.054167
0 0.057031 0.682292 0.029687 0.052083
0 0.467187 0.610417 0.034375 0.045833
0 0.525000 0.541667 0.031250 0.041667
0 0.564844 0.614583 0.029687 0.037500
0 0.448437 0.327083 0.031250 0.041667
0 0.542969 0.327083 0.039062 0.062500
0 0.740625 0.559375 0.034375 0.064583
0 0.764062 0.690625 0.034375 0.052083
0 0.828906 0.462500 0.039062 0.058333
0 0.903906 0.730208 0.032813 0.060417
0 0.950781 0.445833 0.039062 0.054167
0 0.894531 0.111458 0.045312 0.047917