0 0.100781 0.115625 0.020313 0.027083
0 0.227344 0.122917 0.026562 0.029167
0 0.300000 0.264583 0.028125 0.029167
0 0.259375 0.439583 0.037500 0.045833
0 0.268750 0.672917 0.040625 0.041667
0 0.064844 0.668750 0.026562 0.045833
0 0.195312 0.801042 0.028125 0.043750
0 0.468750 0.606250 0.031250 0.041667
0 0.573438 0.618750 0.037500 0.041667
0 0.535937 0.541667 0.031250 0.037500
0 0.461719 0.328125 0.026562 0.031250
0 0.551562 0.330208 0.028125 0.035417
0 0.901563 0.110417 0.037500 0.041667
0 0.838281 0.469792 0.032813 0.035417
0 0.960156 0.459375 0.032813 0.047917
0 0.751563 0.572917 0.031250 0.041667
0 0.777344 0.700000 0.029687 0.037500
0 0.910156 0.742708 0.032813 0.043750