0 0.099219 0.118750 0.032813 0.062500
0 0.234375 0.119792 0.028125 0.047917
0 0.305469 0.266667 0.029687 0.070833
0 0.260937 0.433333 0.040625 0.054167
0 0.064844 0.669792 0.035937 0.047917
0 0.271875 0.676042 0.037500 0.056250
0 0.198437 0.802083 0.037500 0.066667
0 0.464062 0.333333 0.037500 0.050000
0 0.558594 0.332292 0.039062 0.047917
0 0.535156 0.540625 0.035937 0.052083
0 0.479687 0.614583 0.037500 0.045833
0 0.576562 0.621875 0.034375 0.056250
0 0.910156 0.116667 0.035937 0.050000
0 0.963281 0.459375 0.045312 0.043750
0 0.840625 0.476042 0.037500 0.047917
0 0.750000 0.575000 0.031250 0.041667
0 0.777344 0.705208 0.039062 0.047917
0 0.914062 0.741667 0.037500 0.054167