0 0.061719 0.127083 0.026562 0.033333
0 0.200000 0.126042 0.040625 0.043750
0 0.268750 0.266667 0.034375 0.045833
0 0.231250 0.453125 0.050000 0.043750
0 0.048438 0.687500 0.043750 0.041667
0 0.255469 0.678125 0.045312 0.039583
0 0.431250 0.329167 0.043750 0.041667
0 0.525000 0.326042 0.034375 0.047917
0 0.511719 0.536458 0.026562 0.043750
0 0.454688 0.607292 0.031250 0.043750
0 0.552344 0.608333 0.039062 0.037500
0 0.864844 0.094792 0.035937 0.043750
0 0.931250 0.433333 0.037500 0.037500
0 0.809375 0.453125 0.040625 0.052083
0 0.725000 0.552083 0.043750 0.050000
0 0.751563 0.681250 0.056250 0.050000
0 0.892188 0.705208 0.040625 0.056250
0 0.180469 0.810417 0.029687 0.058333