0 0.065625 0.134375 0.046875 0.060417
0 0.198437 0.132292 0.031250 0.047917
0 0.270313 0.266667 0.040625 0.054167
0 0.232031 0.447917 0.051562 0.050000
0 0.044531 0.697917 0.045312 0.050000
0 0.256250 0.684375 0.046875 0.052083
0 0.178125 0.819792 0.053125 0.077083
0 0.428125 0.330208 0.050000 0.052083
0 0.524219 0.321875 0.042188 0.052083
0 0.512500 0.533333 0.034375 0.050000
0 0.450781 0.607292 0.039062 0.043750
0 0.558594 0.613542 0.032813 0.043750
0 0.753906 0.690625 0.060937 0.052083
0 0.880469 0.708333 0.060937 0.058333
0 0.720313 0.551042 0.050000 0.060417
0 0.813281 0.454167 0.048438 0.050000
0 0.924219 0.436458 0.054688 0.056250
0 0.870313 0.098958 0.050000 0.043750