0 0.060937 0.123958 0.034375 0.060417
0 0.198437 0.130208 0.037500 0.056250
0 0.271875 0.266667 0.053125 0.062500
0 0.230469 0.451042 0.048438 0.056250
0 0.251563 0.682292 0.053125 0.056250
0 0.046875 0.691667 0.068750 0.050000
0 0.180469 0.811458 0.070312 0.047917
0 0.452344 0.605208 0.045312 0.043750
0 0.511719 0.533333 0.042188 0.050000
0 0.549219 0.610417 0.039062 0.041667
0 0.427344 0.326042 0.029687 0.043750
0 0.525000 0.323958 0.031250 0.047917
0 0.864062 0.098958 0.037500 0.039583
0 0.925781 0.437500 0.035937 0.050000
0 0.807813 0.452083 0.043750 0.050000
0 0.726562 0.554167 0.053125 0.041667
0 0.750781 0.684375 0.035937 0.047917
0 0.885938 0.707292 0.034375 0.056250