0 0.060937 0.130208 0.034375 0.047917
0 0.194531 0.121875 0.035937 0.052083
0 0.271875 0.267708 0.037500 0.052083
0 0.233594 0.444792 0.054688 0.052083
0 0.259375 0.683333 0.037500 0.045833
0 0.180469 0.816667 0.035937 0.066667
0 0.046094 0.695833 0.039062 0.058333
0 0.453125 0.606250 0.040625 0.045833
0 0.549219 0.606250 0.039062 0.041667
0 0.510156 0.531250 0.039062 0.045833
0 0.431250 0.323958 0.050000 0.043750
0 0.519531 0.321875 0.048438 0.047917
0 0.746094 0.679167 0.042188 0.054167
0 0.723437 0.555208 0.046875 0.047917
0 0.810937 0.450000 0.037500 0.066667
0 0.881250 0.701042 0.040625 0.052083
0 0.931250 0.436458 0.059375 0.043750
0 0.864844 0.096875 0.035937 0.047917