0 0.067969 0.127083 0.051562 0.041667
0 0.196094 0.134375 0.035937 0.043750
0 0.275000 0.265625 0.040625 0.060417
0 0.228906 0.447917 0.042188 0.058333
0 0.252344 0.685417 0.035937 0.050000
0 0.044531 0.697917 0.051562 0.050000
0 0.182031 0.815625 0.048438 0.043750
0 0.453125 0.607292 0.031250 0.047917
0 0.514844 0.540625 0.039062 0.060417
0 0.557813 0.611458 0.040625 0.047917
0 0.438281 0.323958 0.048438 0.039583
0 0.527344 0.322917 0.039062 0.041667
0 0.862500 0.095833 0.046875 0.045833
0 0.809375 0.453125 0.037500 0.064583
0 0.928125 0.430208 0.037500 0.052083
0 0.724219 0.557292 0.035937 0.043750
0 0.750000 0.679167 0.028125 0.050000
0 0.883594 0.705208 0.035937 0.056250