0 0.082031 0.119792 0.029687 0.039583
0 0.217188 0.115625 0.034375 0.043750
0 0.285938 0.257292 0.046875 0.056250
0 0.244531 0.437500 0.032813 0.050000
0 0.264844 0.672917 0.039062 0.058333
0 0.187500 0.807292 0.034375 0.056250
0 0.057031 0.678125 0.039062 0.056250
0 0.467969 0.609375 0.035937 0.035417
0 0.526563 0.541667 0.031250 0.054167
0 0.567187 0.616667 0.028125 0.041667
0 0.445312 0.326042 0.034375 0.039583
0 0.540625 0.325000 0.034375 0.045833
0 0.741406 0.564583 0.035937 0.037500
0 0.765625 0.690625 0.037500 0.052083
0 0.901563 0.727083 0.043750 0.050000
0 0.829688 0.466667 0.031250 0.062500
0 0.948438 0.447917 0.040625 0.050000
0 0.889844 0.107292 0.045312 0.039583