0 0.060937 0.130208 0.050000 0.056250
0 0.201563 0.127083 0.037500 0.054167
0 0.271094 0.262500 0.042188 0.066667
0 0.236719 0.444792 0.057813 0.060417
0 0.044531 0.689583 0.042188 0.066667
0 0.254688 0.679167 0.053125 0.054167
0 0.177344 0.812500 0.042188 0.058333
0 0.432812 0.329167 0.034375 0.054167
0 0.525781 0.322917 0.045312 0.058333
0 0.514062 0.536458 0.040625 0.064583
0 0.455469 0.610417 0.045312 0.054167
0 0.553125 0.608333 0.028125 0.058333
0 0.866406 0.097917 0.032813 0.070833
0 0.927344 0.438542 0.048438 0.056250
0 0.810937 0.450000 0.046875 0.050000
0 0.728125 0.558333 0.050000 0.054167
0 0.754687 0.678125 0.046875 0.056250
0 0.885938 0.701042 0.043750 0.060417