0 0.099219 0.109375 0.029687 0.031250
0 0.233594 0.116667 0.023438 0.037500
0 0.308594 0.259375 0.032813 0.039583
0 0.262500 0.437500 0.037500 0.045833
0 0.065625 0.659375 0.043750 0.047917
0 0.275000 0.672917 0.046875 0.045833
0 0.193750 0.804167 0.031250 0.041667
0 0.462500 0.330208 0.028125 0.043750
0 0.556250 0.328125 0.028125 0.039583
0 0.537500 0.541667 0.028125 0.037500
0 0.475000 0.609375 0.028125 0.043750
0 0.575000 0.615625 0.031250 0.043750
0 0.909375 0.115625 0.034375 0.031250
0 0.960938 0.460417 0.037500 0.050000
0 0.840625 0.467708 0.043750 0.031250
0 0.753125 0.573958 0.040625 0.043750
0 0.774219 0.700000 0.039062 0.050000
0 0.912500 0.738542 0.037500 0.047917