0 0.079687 0.115625 0.037500 0.052083
0 0.219531 0.120833 0.045312 0.041667
0 0.288281 0.256250 0.039062 0.050000
0 0.247656 0.437500 0.039062 0.062500
0 0.267188 0.677083 0.043750 0.045833
0 0.189062 0.808333 0.034375 0.054167
0 0.057031 0.676042 0.039062 0.052083
0 0.449219 0.329167 0.035937 0.050000
0 0.541406 0.325000 0.048438 0.050000
0 0.525781 0.539583 0.029687 0.045833
0 0.564844 0.612500 0.029687 0.037500
0 0.467187 0.608333 0.034375 0.033333
0 0.739844 0.561458 0.035937 0.052083
0 0.762500 0.687500 0.040625 0.054167
0 0.900781 0.727083 0.051562 0.054167
0 0.832031 0.462500 0.039062 0.050000
0 0.953125 0.446875 0.034375 0.060417
0 0.892969 0.108333 0.042188 0.054167