0 0.093750 0.133333 0.037500 0.050000
0 0.221875 0.127083 0.050000 0.062500
0 0.287500 0.264583 0.046875 0.062500
0 0.252344 0.446875 0.042188 0.056250
0 0.062500 0.684375 0.046875 0.052083
0 0.267969 0.676042 0.045312 0.056250
0 0.193750 0.810417 0.046875 0.054167
0 0.468750 0.609375 0.043750 0.060417
0 0.571094 0.613542 0.032813 0.064583
0 0.528125 0.543750 0.034375 0.054167
0 0.453125 0.327083 0.043750 0.050000
0 0.542969 0.326042 0.035937 0.060417
0 0.889844 0.107292 0.039062 0.056250
0 0.942969 0.440625 0.054688 0.072917
0 0.831250 0.463542 0.059375 0.072917
0 0.739844 0.563542 0.048438 0.068750
0 0.764062 0.687500 0.050000 0.066667
0 0.906250 0.718750 0.059375 0.075000