0 0.061719 0.127083 0.029687 0.050000
0 0.195312 0.125000 0.034375 0.041667
0 0.270313 0.261458 0.040625 0.047917
0 0.229687 0.443750 0.050000 0.045833
0 0.256250 0.671875 0.037500 0.060417
0 0.178906 0.814583 0.029687 0.050000
0 0.044531 0.690625 0.035937 0.039583
0 0.430469 0.332292 0.026562 0.052083
0 0.523438 0.319792 0.028125 0.043750
0 0.511719 0.531250 0.032813 0.050000
0 0.454688 0.602083 0.025000 0.050000
0 0.550781 0.605208 0.029687 0.060417
0 0.724219 0.555208 0.035937 0.072917
0 0.755469 0.679167 0.048438 0.045833
0 0.882812 0.705208 0.034375 0.052083
0 0.814844 0.457292 0.045312 0.068750
0 0.925000 0.430208 0.040625 0.068750
0 0.860156 0.096875 0.045312 0.047917