0 0.100000 0.117708 0.021875 0.031250
0 0.232031 0.119792 0.029687 0.031250
0 0.303906 0.256250 0.032813 0.041667
0 0.264062 0.439583 0.034375 0.054167
0 0.273438 0.677083 0.037500 0.041667
0 0.068750 0.669792 0.031250 0.039583
0 0.193750 0.802083 0.028125 0.058333
0 0.460156 0.336458 0.023438 0.039583
0 0.558594 0.334375 0.023438 0.047917
0 0.535156 0.547917 0.020313 0.037500
0 0.471094 0.610417 0.035937 0.041667
0 0.575000 0.620833 0.025000 0.029167
0 0.907031 0.121875 0.023438 0.039583
0 0.958594 0.459375 0.035937 0.031250
0 0.845313 0.481250 0.034375 0.058333
0 0.748437 0.568750 0.040625 0.033333
0 0.778906 0.703125 0.035937 0.035417
0 0.912500 0.741667 0.025000 0.050000