0 0.105469 0.119792 0.051562 0.047917
0 0.225781 0.126042 0.051562 0.047917
0 0.311719 0.255208 0.051562 0.047917
0 0.266406 0.438542 0.051562 0.047917
0 0.277344 0.678125 0.051562 0.047917
0 0.072656 0.680208 0.051562 0.047917
0 0.200781 0.805208 0.051562 0.047917
0 0.477344 0.609375 0.051562 0.047917
0 0.528906 0.546875 0.051562 0.047917
0 0.567969 0.613542 0.051562 0.047917
0 0.755469 0.569792 0.051562 0.047917
0 0.760156 0.703125 0.051562 0.047917
0 0.899219 0.736458 0.051562 0.047917
0 0.961719 0.471875 0.051562 0.047917
0 0.835156 0.473958 0.051562 0.047917
0 0.908594 0.117708 0.051562 0.047917
0 0.567969 0.326042 0.051562 0.047917
0 0.461719 0.330208 0.051562 0.047917