0 0.100781 0.119792 0.020313 0.035417
0 0.229687 0.126042 0.025000 0.035417
0 0.302344 0.263542 0.023438 0.031250
0 0.257812 0.441667 0.025000 0.033333
0 0.068750 0.670833 0.025000 0.029167
0 0.277344 0.676042 0.032813 0.039583
0 0.197656 0.806250 0.020313 0.037500
0 0.460156 0.329167 0.017188 0.029167
0 0.556250 0.333333 0.021875 0.037500
0 0.905469 0.121875 0.023438 0.022917
0 0.964844 0.459375 0.023438 0.027083
0 0.839844 0.473958 0.023438 0.027083
0 0.746875 0.571875 0.021875 0.018750
0 0.774219 0.705208 0.023438 0.027083
0 0.914844 0.745833 0.032813 0.033333
0 0.536719 0.542708 0.023438 0.027083
0 0.470313 0.615625 0.021875 0.022917
0 0.577344 0.631250 0.029687 0.037500