0 0.065625 0.134375 0.025000 0.047917
0 0.200000 0.126042 0.040625 0.052083
0 0.267969 0.258333 0.035937 0.045833
0 0.228906 0.443750 0.042188 0.045833
0 0.256250 0.677083 0.043750 0.054167
0 0.178125 0.807292 0.034375 0.039583
0 0.046094 0.690625 0.039062 0.052083
0 0.432031 0.331250 0.026562 0.058333
0 0.519531 0.319792 0.032813 0.047917
0 0.513281 0.531250 0.029687 0.054167
0 0.451562 0.603125 0.028125 0.047917
0 0.553125 0.600000 0.031250 0.050000
0 0.858594 0.090625 0.029687 0.060417
0 0.808594 0.443750 0.035937 0.041667
0 0.928906 0.427083 0.039062 0.058333
0 0.724219 0.551042 0.051562 0.043750
0 0.751563 0.678125 0.050000 0.056250
0 0.885156 0.703125 0.035937 0.052083