0 0.102344 0.116667 0.045312 0.050000
0 0.238281 0.134375 0.035937 0.060417
0 0.302344 0.259375 0.060937 0.068750
0 0.264844 0.448958 0.060937 0.064583
0 0.071875 0.662500 0.046875 0.045833
0 0.269531 0.672917 0.051562 0.062500
0 0.196094 0.796875 0.035937 0.052083
0 0.469531 0.608333 0.045312 0.062500
0 0.565625 0.611458 0.050000 0.047917
0 0.535937 0.540625 0.046875 0.047917
0 0.460938 0.326042 0.037500 0.043750
0 0.548438 0.328125 0.043750 0.052083
0 0.750000 0.562500 0.034375 0.054167
0 0.773438 0.696875 0.034375 0.047917
0 0.904687 0.739583 0.043750 0.050000
0 0.840625 0.468750 0.050000 0.058333
0 0.953125 0.459375 0.046875 0.056250
0 0.907031 0.121875 0.057813 0.052083