0 0.098437 0.120833 0.037500 0.054167
0 0.234375 0.132292 0.037500 0.068750
0 0.304688 0.263542 0.037500 0.068750
0 0.253906 0.440625 0.035937 0.052083
0 0.068750 0.671875 0.025000 0.043750
0 0.279687 0.690625 0.046875 0.068750
0 0.194531 0.806250 0.039062 0.050000
0 0.465625 0.344792 0.043750 0.060417
0 0.556250 0.337500 0.053125 0.075000
0 0.536719 0.553125 0.032813 0.052083
0 0.470313 0.622917 0.062500 0.050000
0 0.574219 0.629167 0.039062 0.058333
0 0.905469 0.126042 0.042188 0.043750
0 0.965625 0.467708 0.034375 0.052083
0 0.836719 0.481250 0.039062 0.054167
0 0.748437 0.580208 0.040625 0.060417
0 0.777344 0.703125 0.042188 0.056250
0 0.921875 0.747917 0.037500 0.058333