0 0.100781 0.117708 0.032813 0.043750
0 0.228906 0.123958 0.042188 0.047917
0 0.297656 0.257292 0.042188 0.047917
0 0.264844 0.434375 0.042188 0.047917
0 0.066406 0.671875 0.042188 0.047917
0 0.269531 0.676042 0.042188 0.047917
0 0.194531 0.803125 0.042188 0.047917
0 0.464844 0.615625 0.042188 0.047917
0 0.536719 0.538542 0.042188 0.047917
0 0.564844 0.617708 0.042188 0.047917
0 0.910156 0.746875 0.042188 0.047917
0 0.771094 0.709375 0.042188 0.047917
0 0.746094 0.573958 0.042188 0.047917
0 0.832031 0.476042 0.042188 0.047917
0 0.957031 0.455208 0.042188 0.047917
0 0.909375 0.115625 0.034375 0.035417
0 0.554688 0.326042 0.034375 0.035417
0 0.456250 0.326042 0.056250 0.047917