0 0.066406 0.127083 0.035937 0.050000
0 0.192969 0.127083 0.035937 0.045833
0 0.271875 0.263542 0.043750 0.056250
0 0.232031 0.444792 0.045312 0.039583
0 0.255469 0.677083 0.051562 0.062500
0 0.177344 0.807292 0.035937 0.052083
0 0.042969 0.688542 0.029687 0.056250
0 0.452344 0.604167 0.035937 0.045833
0 0.510938 0.526042 0.034375 0.047917
0 0.551562 0.603125 0.028125 0.043750
0 0.429688 0.325000 0.028125 0.041667
0 0.528125 0.320833 0.034375 0.045833
0 0.723437 0.553125 0.034375 0.056250
0 0.812500 0.448958 0.043750 0.052083
0 0.752344 0.676042 0.039062 0.047917
0 0.882031 0.702083 0.042188 0.066667
0 0.925000 0.433333 0.034375 0.058333
0 0.860938 0.096875 0.034375 0.047917