0 0.057813 0.120833 0.031250 0.050000
0 0.196094 0.126042 0.035937 0.047917
0 0.272656 0.265625 0.039062 0.052083
0 0.232813 0.447917 0.043750 0.054167
0 0.257812 0.681250 0.046875 0.050000
0 0.046094 0.693750 0.039062 0.045833
0 0.187500 0.811458 0.059375 0.047917
0 0.450781 0.605208 0.035937 0.052083
0 0.550000 0.602083 0.025000 0.045833
0 0.514844 0.534375 0.045312 0.047917
0 0.437500 0.327083 0.046875 0.041667
0 0.525000 0.323958 0.043750 0.039583
0 0.731250 0.557292 0.065625 0.035417
0 0.750000 0.679167 0.037500 0.058333
0 0.890625 0.703125 0.050000 0.052083
0 0.811719 0.456250 0.029687 0.045833
0 0.928125 0.430208 0.040625 0.047917
0 0.868750 0.101042 0.043750 0.052083