0 0.102344 0.118750 0.023438 0.029167
0 0.233594 0.128125 0.020313 0.039583
0 0.303906 0.262500 0.026562 0.050000
0 0.259375 0.443750 0.025000 0.037500
0 0.068750 0.670833 0.021875 0.025000
0 0.195312 0.804167 0.021875 0.041667
0 0.271094 0.686458 0.020313 0.060417
0 0.460156 0.333333 0.020313 0.033333
0 0.550781 0.327083 0.020313 0.025000
0 0.532813 0.547917 0.021875 0.029167
0 0.474219 0.612500 0.014063 0.020833
0 0.574219 0.621875 0.017188 0.022917
0 0.907031 0.119792 0.026562 0.027083
0 0.964844 0.464583 0.023438 0.037500
0 0.841406 0.476042 0.026562 0.043750
0 0.747656 0.571875 0.017188 0.031250
0 0.777344 0.707292 0.029687 0.039583
0 0.913281 0.738542 0.026562 0.052083