0 0.093750 0.109375 0.053125 0.043750
0 0.235937 0.117708 0.040625 0.043750
0 0.303906 0.254167 0.042188 0.058333
0 0.260156 0.423958 0.048438 0.060417
0 0.275781 0.657292 0.051562 0.068750
0 0.067187 0.661458 0.062500 0.068750
0 0.189062 0.795833 0.053125 0.058333
0 0.453906 0.329167 0.051562 0.054167
0 0.552344 0.331250 0.045312 0.058333
0 0.533594 0.525000 0.039062 0.066667
0 0.477344 0.606250 0.045312 0.045833
0 0.578125 0.608333 0.046875 0.058333
0 0.750781 0.567708 0.039062 0.064583
0 0.770312 0.696875 0.050000 0.052083
0 0.909375 0.736458 0.062500 0.056250
0 0.839844 0.468750 0.051562 0.058333
0 0.970313 0.457292 0.050000 0.068750
0 0.902344 0.102083 0.057813 0.066667