0 0.082812 0.121875 0.028125 0.039583
0 0.217969 0.119792 0.039062 0.039583
0 0.288281 0.261458 0.035937 0.052083
0 0.246094 0.444792 0.035937 0.052083
0 0.263281 0.676042 0.029687 0.052083
0 0.186719 0.811458 0.032813 0.043750
0 0.054688 0.680208 0.034375 0.052083
0 0.462500 0.609375 0.034375 0.047917
0 0.528125 0.541667 0.043750 0.041667
0 0.564844 0.612500 0.032813 0.037500
0 0.451562 0.326042 0.031250 0.047917
0 0.539844 0.329167 0.032813 0.050000
0 0.740625 0.565625 0.034375 0.056250
0 0.766406 0.687500 0.032813 0.054167
0 0.903125 0.727083 0.034375 0.050000
0 0.828125 0.466667 0.043750 0.041667
0 0.891406 0.109375 0.029687 0.052083