0 0.268750 0.265625 0.043750 0.056250
0 0.067969 0.133333 0.064062 0.058333
0 0.197656 0.131250 0.051562 0.058333
0 0.230469 0.451042 0.042188 0.064583
0 0.046094 0.698958 0.048438 0.056250
0 0.252344 0.681250 0.045312 0.058333
0 0.182812 0.818750 0.040625 0.062500
0 0.453125 0.605208 0.031250 0.060417
0 0.512500 0.537500 0.034375 0.041667
0 0.558594 0.614583 0.045312 0.058333
0 0.724219 0.557292 0.032813 0.052083
0 0.753125 0.682292 0.053125 0.060417
0 0.886719 0.712500 0.045312 0.083333
0 0.810156 0.459375 0.048438 0.060417
0 0.932813 0.439583 0.050000 0.062500
0 0.866406 0.103125 0.054688 0.043750
0 0.432812 0.330208 0.037500 0.052083
0 0.526563 0.323958 0.034375 0.068750