0 0.092188 0.140625 0.037500 0.056250
0 0.221875 0.135417 0.034375 0.045833
0 0.290625 0.261458 0.037500 0.068750
0 0.256250 0.446875 0.043750 0.056250
0 0.267188 0.673958 0.050000 0.056250
0 0.196875 0.809375 0.037500 0.052083
0 0.068750 0.687500 0.062500 0.058333
0 0.450000 0.328125 0.037500 0.052083
0 0.546094 0.325000 0.032813 0.050000
0 0.531250 0.544792 0.043750 0.052083
0 0.471094 0.616667 0.035937 0.050000
0 0.571875 0.619792 0.031250 0.047917
0 0.878125 0.112500 0.040625 0.062500
0 0.946875 0.452083 0.043750 0.062500
0 0.825000 0.464583 0.046875 0.062500
0 0.743750 0.565625 0.050000 0.068750
0 0.762500 0.701042 0.028125 0.060417
0 0.907813 0.728125 0.050000 0.068750