0 0.102344 0.115625 0.032813 0.035417
0 0.233594 0.126042 0.029687 0.031250
0 0.308594 0.256250 0.042188 0.054167
0 0.260937 0.445833 0.028125 0.054167
0 0.271094 0.673958 0.048438 0.064583
0 0.071875 0.670833 0.034375 0.041667
0 0.198437 0.802083 0.037500 0.033333
0 0.474219 0.614583 0.032813 0.033333
0 0.575781 0.620833 0.039062 0.037500
0 0.533594 0.545833 0.029687 0.033333
0 0.458594 0.333333 0.032813 0.045833
0 0.550781 0.323958 0.029687 0.047917
0 0.773438 0.694792 0.040625 0.039583
0 0.746094 0.579167 0.029687 0.045833
0 0.905469 0.732292 0.039062 0.052083
0 0.836719 0.472917 0.042188 0.050000
0 0.963281 0.466667 0.035937 0.041667
0 0.907813 0.120833 0.037500 0.041667