0 0.098437 0.113542 0.037500 0.043750
0 0.230469 0.126042 0.039062 0.043750
0 0.303125 0.263542 0.040625 0.052083
0 0.260156 0.442708 0.045312 0.052083
0 0.275781 0.676042 0.042188 0.052083
0 0.072656 0.669792 0.039062 0.060417
0 0.190625 0.797917 0.037500 0.058333
0 0.475000 0.606250 0.031250 0.045833
0 0.574219 0.614583 0.032813 0.041667
0 0.539062 0.539583 0.040625 0.045833
0 0.459375 0.330208 0.031250 0.047917
0 0.547656 0.323958 0.035937 0.043750
0 0.752344 0.569792 0.045312 0.056250
0 0.774219 0.700000 0.039062 0.058333
0 0.907813 0.734375 0.040625 0.056250
0 0.839063 0.471875 0.040625 0.056250
0 0.958594 0.464583 0.039062 0.050000
0 0.904687 0.120833 0.037500 0.050000