0 0.061719 0.134375 0.029687 0.039583
0 0.198437 0.136458 0.028125 0.047917
0 0.272656 0.269792 0.035937 0.052083
0 0.233594 0.450000 0.039062 0.062500
0 0.253125 0.676042 0.046875 0.060417
0 0.173437 0.811458 0.037500 0.043750
0 0.046875 0.694792 0.037500 0.052083
0 0.432812 0.331250 0.031250 0.045833
0 0.522656 0.319792 0.023438 0.047917
0 0.451562 0.613542 0.034375 0.047917
0 0.515625 0.534375 0.037500 0.039583
0 0.554688 0.611458 0.021875 0.043750
0 0.723437 0.554167 0.031250 0.054167
0 0.750781 0.684375 0.035937 0.039583
0 0.886719 0.708333 0.032813 0.045833
0 0.808594 0.455208 0.039062 0.039583
0 0.928125 0.430208 0.046875 0.052083
0 0.860156 0.094792 0.042188 0.052083