0 0.104688 0.116667 0.031250 0.045833
0 0.230469 0.125000 0.054688 0.037500
0 0.303125 0.258333 0.037500 0.054167
0 0.261719 0.443750 0.054688 0.054167
0 0.068750 0.675000 0.028125 0.054167
0 0.275781 0.677083 0.039062 0.058333
0 0.196875 0.802083 0.037500 0.058333
0 0.468750 0.611458 0.037500 0.043750
0 0.567969 0.613542 0.054688 0.043750
0 0.533594 0.545833 0.042188 0.045833
0 0.459375 0.321875 0.040625 0.056250
0 0.551562 0.329167 0.043750 0.045833
0 0.748437 0.571875 0.046875 0.056250
0 0.782813 0.698958 0.040625 0.064583
0 0.914844 0.741667 0.035937 0.050000
0 0.842187 0.476042 0.043750 0.056250
0 0.959375 0.464583 0.040625 0.050000
0 0.901563 0.113542 0.043750 0.052083