0 0.100000 0.115625 0.031250 0.056250
0 0.236719 0.119792 0.032813 0.047917
0 0.305469 0.263542 0.029687 0.056250
0 0.255469 0.438542 0.029687 0.052083
0 0.066406 0.670833 0.035937 0.054167
0 0.275000 0.676042 0.034375 0.052083
0 0.193750 0.802083 0.031250 0.050000
0 0.462500 0.331250 0.031250 0.045833
0 0.555469 0.330208 0.023438 0.043750
0 0.538281 0.538542 0.032813 0.035417
0 0.475000 0.608333 0.025000 0.041667
0 0.578125 0.620833 0.028125 0.045833
0 0.906250 0.116667 0.031250 0.058333
0 0.961719 0.460417 0.035937 0.054167
0 0.838281 0.473958 0.029687 0.052083
0 0.750000 0.576042 0.034375 0.047917
0 0.775000 0.703125 0.031250 0.047917
0 0.912500 0.741667 0.028125 0.050000