0 0.064844 0.131250 0.035937 0.054167
0 0.196875 0.130208 0.034375 0.043750
0 0.269531 0.262500 0.042188 0.062500
0 0.236719 0.447917 0.039062 0.066667
0 0.253906 0.681250 0.070312 0.062500
0 0.047656 0.696875 0.035937 0.047917
0 0.181250 0.816667 0.034375 0.041667
0 0.453125 0.604167 0.037500 0.045833
0 0.514062 0.536458 0.040625 0.043750
0 0.555469 0.607292 0.042188 0.043750
0 0.428906 0.327083 0.039062 0.054167
0 0.528906 0.327083 0.045312 0.054167
0 0.867188 0.092708 0.034375 0.064583
0 0.811719 0.460417 0.051562 0.058333
0 0.929688 0.438542 0.040625 0.052083
0 0.882031 0.708333 0.042188 0.058333
0 0.753906 0.683333 0.035937 0.045833
0 0.727344 0.554167 0.039062 0.041667