0 0.105469 0.120833 0.054688 0.058333
0 0.228906 0.125000 0.054688 0.058333
0 0.311719 0.252083 0.054688 0.058333
0 0.257031 0.439583 0.054688 0.058333
0 0.282031 0.681250 0.054688 0.058333
0 0.069531 0.658333 0.054688 0.058333
0 0.191406 0.804167 0.054688 0.058333
0 0.472656 0.616667 0.054688 0.058333
0 0.578906 0.622917 0.070312 0.058333
0 0.536719 0.533333 0.070312 0.058333
0 0.569531 0.322917 0.070312 0.058333
0 0.453906 0.329167 0.070312 0.058333
0 0.913281 0.116667 0.070312 0.058333
0 0.970313 0.460417 0.059375 0.058333
0 0.840625 0.483333 0.059375 0.058333
0 0.745313 0.564583 0.059375 0.058333
0 0.770312 0.697917 0.059375 0.058333
0 0.914062 0.747917 0.059375 0.058333