0 0.080469 0.120833 0.039062 0.050000
0 0.220312 0.122917 0.043750 0.045833
0 0.289844 0.260417 0.035937 0.054167
0 0.249219 0.440625 0.045312 0.047917
0 0.265625 0.679167 0.037500 0.054167
0 0.053906 0.679167 0.039062 0.050000
0 0.186719 0.807292 0.042188 0.052083
0 0.464844 0.609375 0.039062 0.052083
0 0.527344 0.537500 0.035937 0.045833
0 0.564063 0.609375 0.034375 0.056250
0 0.450000 0.326042 0.040625 0.047917
0 0.543750 0.326042 0.046875 0.052083
0 0.740625 0.560417 0.043750 0.062500
0 0.765625 0.697917 0.040625 0.054167
0 0.904687 0.730208 0.046875 0.052083
0 0.828906 0.461458 0.042188 0.060417
0 0.947656 0.445833 0.048438 0.058333
0 0.894531 0.109375 0.039062 0.056250