0 0.064062 0.133333 0.034375 0.058333
0 0.198437 0.127083 0.040625 0.054167
0 0.269531 0.262500 0.045312 0.058333
0 0.229687 0.443750 0.040625 0.058333
0 0.257812 0.676042 0.034375 0.056250
0 0.178125 0.805208 0.037500 0.056250
0 0.045312 0.688542 0.043750 0.052083
0 0.432031 0.327083 0.026562 0.041667
0 0.522656 0.315625 0.023438 0.056250
0 0.511719 0.531250 0.029687 0.045833
0 0.549219 0.604167 0.029687 0.054167
0 0.451562 0.597917 0.037500 0.050000
0 0.724219 0.553125 0.035937 0.043750
0 0.750000 0.676042 0.031250 0.052083
0 0.888281 0.707292 0.035937 0.060417
0 0.815625 0.453125 0.040625 0.072917
0 0.925000 0.432292 0.046875 0.064583
0 0.864062 0.095833 0.037500 0.050000