0 0.085156 0.120833 0.035937 0.050000
0 0.221094 0.126042 0.035937 0.047917
0 0.288281 0.260417 0.035937 0.058333
0 0.249219 0.443750 0.039062 0.050000
0 0.267188 0.678125 0.034375 0.056250
0 0.185156 0.807292 0.035937 0.052083
0 0.053906 0.678125 0.035937 0.052083
0 0.468750 0.611458 0.028125 0.047917
0 0.528906 0.544792 0.045312 0.035417
0 0.565625 0.614583 0.031250 0.045833
0 0.450000 0.330208 0.034375 0.043750
0 0.543750 0.322917 0.031250 0.058333
0 0.739844 0.564583 0.032813 0.045833
0 0.763281 0.688542 0.035937 0.068750
0 0.900000 0.725000 0.034375 0.058333
0 0.829688 0.468750 0.031250 0.045833
0 0.950000 0.450000 0.040625 0.054167
0 0.892188 0.107292 0.034375 0.047917