0 0.098437 0.122917 0.031250 0.045833
0 0.235937 0.127083 0.031250 0.045833
0 0.303125 0.265625 0.034375 0.056250
0 0.261719 0.441667 0.029687 0.050000
0 0.281250 0.685417 0.046875 0.066667
0 0.071875 0.671875 0.034375 0.043750
0 0.198437 0.804167 0.034375 0.058333
0 0.460938 0.344792 0.034375 0.060417
0 0.555469 0.333333 0.029687 0.054167
0 0.532813 0.550000 0.018750 0.037500
0 0.478125 0.615625 0.028125 0.047917
0 0.574219 0.622917 0.020313 0.033333
0 0.907813 0.129167 0.028125 0.050000
0 0.963281 0.459375 0.039062 0.060417
0 0.842969 0.473958 0.039062 0.043750
0 0.746875 0.576042 0.040625 0.047917
0 0.777344 0.703125 0.042188 0.035417
0 0.911719 0.742708 0.032813 0.047917