0 0.101562 0.120833 0.037500 0.037500
0 0.232813 0.123958 0.021875 0.043750
0 0.303125 0.268750 0.028125 0.045833
0 0.260156 0.441667 0.026562 0.037500
0 0.272656 0.672917 0.029687 0.045833
0 0.067187 0.676042 0.021875 0.047917
0 0.462500 0.333333 0.021875 0.037500
0 0.553125 0.333333 0.025000 0.041667
0 0.535156 0.550000 0.020313 0.033333
0 0.474219 0.614583 0.020313 0.029167
0 0.576562 0.622917 0.021875 0.029167
0 0.907031 0.126042 0.029687 0.031250
0 0.962500 0.462500 0.031250 0.029167
0 0.839063 0.472917 0.018750 0.029167
0 0.750000 0.573958 0.028125 0.031250
0 0.778125 0.704167 0.028125 0.033333
0 0.911719 0.742708 0.026562 0.039583