0 0.100000 0.116667 0.034375 0.045833
0 0.236719 0.126042 0.045312 0.056250
0 0.300781 0.255208 0.045312 0.056250
0 0.261719 0.434375 0.045312 0.056250
0 0.061719 0.665625 0.045312 0.056250
0 0.274219 0.682292 0.045312 0.056250
0 0.191406 0.805208 0.045312 0.056250
0 0.464844 0.611458 0.045312 0.056250
0 0.536719 0.553125 0.045312 0.056250
0 0.582031 0.628125 0.045312 0.056250
0 0.561719 0.330208 0.045312 0.056250
0 0.457031 0.326042 0.045312 0.056250
0 0.903906 0.126042 0.045312 0.056250
0 0.964844 0.451042 0.045312 0.056250
0 0.835156 0.471875 0.045312 0.056250
0 0.747656 0.561458 0.045312 0.056250
0 0.767969 0.701042 0.045312 0.056250
0 0.919531 0.742708 0.045312 0.056250