0 0.103125 0.119792 0.053125 0.052083
0 0.226562 0.121875 0.053125 0.052083
0 0.300000 0.261458 0.053125 0.052083
0 0.267188 0.430208 0.053125 0.052083
0 0.065625 0.669792 0.053125 0.052083
0 0.270313 0.684375 0.053125 0.052083
0 0.193750 0.803125 0.053125 0.052083
0 0.464062 0.615625 0.053125 0.052083
0 0.525000 0.534375 0.053125 0.052083
0 0.570312 0.617708 0.053125 0.052083
0 0.907813 0.748958 0.053125 0.052083
0 0.764062 0.711458 0.053125 0.052083
0 0.750000 0.573958 0.053125 0.052083
0 0.845313 0.471875 0.053125 0.052083
0 0.968750 0.457292 0.053125 0.052083
0 0.904687 0.126042 0.053125 0.052083
0 0.565625 0.317708 0.053125 0.052083
0 0.460938 0.326042 0.053125 0.052083