0 0.067187 0.131250 0.034375 0.045833
0 0.197656 0.127083 0.039062 0.037500
0 0.271094 0.261458 0.035937 0.047917
0 0.230469 0.441667 0.045312 0.070833
0 0.254688 0.677083 0.040625 0.054167
0 0.179688 0.807292 0.037500 0.056250
0 0.044531 0.689583 0.032813 0.054167
0 0.452344 0.606250 0.029687 0.037500
0 0.511719 0.527083 0.029687 0.050000
0 0.551562 0.606250 0.037500 0.045833
0 0.428125 0.326042 0.034375 0.043750
0 0.522656 0.317708 0.032813 0.064583
0 0.725000 0.554167 0.050000 0.041667
0 0.753125 0.683333 0.040625 0.050000
0 0.885938 0.705208 0.034375 0.064583
0 0.812500 0.451042 0.037500 0.052083
0 0.926562 0.426042 0.028125 0.064583
0 0.859375 0.092708 0.043750 0.052083