0 0.058594 0.137500 0.048438 0.054167
0 0.195312 0.129167 0.046875 0.041667
0 0.271875 0.265625 0.037500 0.056250
0 0.233594 0.445833 0.045312 0.070833
0 0.044531 0.688542 0.032813 0.064583
0 0.257812 0.684375 0.034375 0.060417
0 0.177344 0.809375 0.026562 0.047917
0 0.429688 0.327083 0.034375 0.050000
0 0.522656 0.317708 0.035937 0.052083
0 0.511719 0.534375 0.029687 0.047917
0 0.450781 0.611458 0.026562 0.047917
0 0.550781 0.606250 0.039062 0.058333
0 0.725000 0.558333 0.034375 0.045833
0 0.809375 0.453125 0.046875 0.056250
0 0.750781 0.679167 0.039062 0.062500
0 0.884375 0.706250 0.040625 0.054167
0 0.928906 0.434375 0.057813 0.047917
0 0.864062 0.100000 0.040625 0.045833