0 0.097656 0.115625 0.029687 0.039583
0 0.233594 0.127083 0.032813 0.041667
0 0.303906 0.257292 0.032813 0.056250
0 0.259375 0.439583 0.040625 0.050000
0 0.270313 0.678125 0.040625 0.052083
0 0.070312 0.669792 0.046875 0.047917
0 0.195312 0.803125 0.031250 0.047917
0 0.472656 0.613542 0.035937 0.039583
0 0.570312 0.618750 0.034375 0.041667
0 0.537500 0.543750 0.034375 0.041667
0 0.463281 0.330208 0.048438 0.056250
0 0.549219 0.325000 0.029687 0.050000
0 0.775781 0.696875 0.023438 0.060417
0 0.917188 0.742708 0.037500 0.043750
0 0.752344 0.575000 0.029687 0.041667
0 0.841406 0.475000 0.035937 0.041667
0 0.960156 0.465625 0.042188 0.043750
0 0.907031 0.116667 0.039062 0.041667