0 0.092188 0.130208 0.037500 0.056250
0 0.228125 0.134375 0.037500 0.056250
0 0.293750 0.266667 0.034375 0.045833
0 0.255469 0.445833 0.035937 0.062500
0 0.270313 0.678125 0.040625 0.052083
0 0.196875 0.808333 0.037500 0.041667
0 0.068750 0.685417 0.037500 0.050000
0 0.465625 0.614583 0.037500 0.050000
0 0.531250 0.540625 0.031250 0.052083
0 0.574219 0.612500 0.045312 0.045833
0 0.449219 0.328125 0.039062 0.039583
0 0.546094 0.323958 0.029687 0.043750
0 0.742969 0.567708 0.045312 0.056250
0 0.828125 0.465625 0.034375 0.052083
0 0.953125 0.447917 0.056250 0.066667
0 0.902344 0.718750 0.048438 0.045833
0 0.768750 0.694792 0.031250 0.056250
0 0.884375 0.113542 0.028125 0.052083