0 0.078906 0.119792 0.032813 0.047917
0 0.215625 0.121875 0.037500 0.043750
0 0.287500 0.258333 0.043750 0.062500
0 0.244531 0.439583 0.048438 0.058333
0 0.264062 0.673958 0.043750 0.060417
0 0.185938 0.806250 0.037500 0.058333
0 0.053125 0.679167 0.040625 0.058333
0 0.464062 0.605208 0.037500 0.052083
0 0.526563 0.537500 0.040625 0.054167
0 0.566406 0.614583 0.035937 0.045833
0 0.446094 0.321875 0.035937 0.052083
0 0.539844 0.325000 0.035937 0.058333
0 0.739062 0.560417 0.031250 0.050000
0 0.764062 0.690625 0.034375 0.056250
0 0.901563 0.726042 0.034375 0.056250
0 0.829688 0.465625 0.031250 0.052083
0 0.951562 0.446875 0.040625 0.056250
0 0.889844 0.108333 0.045312 0.050000