0 0.063281 0.132292 0.029687 0.047917
0 0.200000 0.130208 0.043750 0.043750
0 0.266406 0.261458 0.045312 0.060417
0 0.233594 0.444792 0.039062 0.056250
0 0.043750 0.693750 0.031250 0.050000
0 0.254688 0.676042 0.050000 0.052083
0 0.178125 0.815625 0.043750 0.043750
0 0.453906 0.607292 0.032813 0.039583
0 0.510938 0.530208 0.046875 0.039583
0 0.551562 0.612500 0.034375 0.050000
0 0.730469 0.559375 0.039062 0.039583
0 0.750000 0.681250 0.031250 0.050000
0 0.882812 0.707292 0.031250 0.056250
0 0.809375 0.455208 0.037500 0.043750
0 0.929688 0.432292 0.037500 0.047917
0 0.866406 0.103125 0.060937 0.035417
0 0.427344 0.316667 0.029687 0.045833
0 0.521094 0.323958 0.029687 0.052083