0 0.100000 0.116667 0.025000 0.041667
0 0.230469 0.113542 0.023438 0.035417
0 0.306250 0.260417 0.037500 0.045833
0 0.259375 0.438542 0.034375 0.052083
0 0.273438 0.675000 0.034375 0.045833
0 0.065625 0.667708 0.043750 0.043750
0 0.196875 0.800000 0.037500 0.050000
0 0.462500 0.328125 0.031250 0.039583
0 0.554688 0.325000 0.031250 0.037500
0 0.534375 0.541667 0.025000 0.041667
0 0.475000 0.613542 0.025000 0.043750
0 0.574219 0.619792 0.026562 0.043750
0 0.775000 0.704167 0.034375 0.041667
0 0.751563 0.571875 0.031250 0.039583
0 0.839063 0.471875 0.043750 0.039583
0 0.909375 0.736458 0.028125 0.056250
0 0.961719 0.459375 0.035937 0.039583
0 0.905469 0.114583 0.035937 0.037500