0 0.103125 0.113542 0.028125 0.043750
0 0.237500 0.120833 0.037500 0.041667
0 0.306250 0.259375 0.028125 0.043750
0 0.261719 0.437500 0.042188 0.045833
0 0.067187 0.669792 0.040625 0.056250
0 0.278906 0.680208 0.045312 0.039583
0 0.196094 0.807292 0.029687 0.056250
0 0.475000 0.613542 0.028125 0.047917
0 0.537500 0.541667 0.034375 0.041667
0 0.580469 0.622917 0.029687 0.037500
0 0.460938 0.330208 0.031250 0.043750
0 0.557031 0.325000 0.029687 0.037500
0 0.910937 0.116667 0.025000 0.041667
0 0.966406 0.466667 0.042188 0.033333
0 0.839844 0.471875 0.032813 0.047917
0 0.752344 0.572917 0.035937 0.050000
0 0.775000 0.701042 0.037500 0.043750
0 0.911719 0.739583 0.039062 0.050000