0 0.102344 0.116667 0.029687 0.037500
0 0.235156 0.128125 0.032813 0.056250
0 0.305469 0.267708 0.039062 0.064583
0 0.262500 0.442708 0.040625 0.056250
0 0.274219 0.676042 0.045312 0.047917
0 0.068750 0.673958 0.040625 0.052083
0 0.195312 0.806250 0.037500 0.050000
0 0.461719 0.330208 0.032813 0.043750
0 0.557813 0.340625 0.037500 0.056250
0 0.906250 0.128125 0.028125 0.052083
0 0.960938 0.467708 0.034375 0.047917
0 0.839063 0.476042 0.028125 0.056250
0 0.747656 0.573958 0.032813 0.043750
0 0.535156 0.545833 0.035937 0.045833
0 0.477344 0.615625 0.035937 0.039583
0 0.572656 0.622917 0.029687 0.045833
0 0.774219 0.704167 0.029687 0.045833
0 0.913281 0.743750 0.035937 0.054167