0 0.083594 0.120833 0.032813 0.041667
0 0.216406 0.121875 0.045312 0.047917
0 0.291406 0.262500 0.039062 0.050000
0 0.246094 0.441667 0.042188 0.050000
0 0.266406 0.672917 0.051562 0.058333
0 0.185156 0.807292 0.032813 0.047917
0 0.054688 0.677083 0.040625 0.050000
0 0.448437 0.325000 0.034375 0.045833
0 0.541406 0.321875 0.035937 0.052083
0 0.528125 0.541667 0.025000 0.045833
0 0.464062 0.607292 0.037500 0.043750
0 0.571094 0.614583 0.026562 0.045833
0 0.739062 0.562500 0.034375 0.045833
0 0.769531 0.696875 0.042188 0.043750
0 0.901563 0.726042 0.034375 0.060417
0 0.831250 0.461458 0.034375 0.056250
0 0.952344 0.446875 0.045312 0.056250
0 0.889062 0.107292 0.040625 0.052083