0 0.084375 0.119792 0.046875 0.052083
0 0.220312 0.120833 0.043750 0.045833
0 0.289062 0.256250 0.043750 0.058333
0 0.249219 0.443750 0.042188 0.045833
0 0.266406 0.680208 0.045312 0.060417
0 0.188281 0.812500 0.042188 0.050000
0 0.053906 0.682292 0.039062 0.056250
0 0.467187 0.612500 0.040625 0.050000
0 0.527344 0.536458 0.042188 0.052083
0 0.567969 0.611458 0.035937 0.052083
0 0.450000 0.328125 0.040625 0.047917
0 0.542188 0.328125 0.040625 0.052083
0 0.750781 0.567708 0.060937 0.056250
0 0.768750 0.690625 0.053125 0.056250
0 0.908594 0.730208 0.048438 0.056250
0 0.833594 0.469792 0.039062 0.056250
0 0.953906 0.452083 0.035937 0.058333
0 0.891406 0.105208 0.042188 0.047917