0 0.064844 0.131250 0.032813 0.058333
0 0.196875 0.126042 0.040625 0.056250
0 0.273438 0.266667 0.040625 0.062500
0 0.232813 0.454167 0.037500 0.079167
0 0.039844 0.686458 0.045312 0.072917
0 0.256250 0.680208 0.040625 0.060417
0 0.427344 0.328125 0.039062 0.052083
0 0.521094 0.327083 0.035937 0.054167
0 0.510938 0.535417 0.037500 0.045833
0 0.457031 0.609375 0.035937 0.060417
0 0.551562 0.610417 0.034375 0.066667
0 0.864844 0.105208 0.035937 0.072917
0 0.808594 0.450000 0.057813 0.062500
0 0.925781 0.430208 0.035937 0.060417
0 0.732031 0.561458 0.051562 0.064583
0 0.749219 0.676042 0.035937 0.060417
0 0.882812 0.700000 0.050000 0.075000