0 0.102344 0.122917 0.042188 0.054167
0 0.235937 0.130208 0.040625 0.039583
0 0.303125 0.265625 0.031250 0.064583
0 0.261719 0.440625 0.039062 0.064583
0 0.273438 0.677083 0.046875 0.050000
0 0.071875 0.672917 0.043750 0.050000
0 0.193750 0.810417 0.028125 0.054167
0 0.463281 0.341667 0.032813 0.058333
0 0.553906 0.333333 0.032813 0.054167
0 0.532813 0.547917 0.034375 0.037500
0 0.471875 0.613542 0.028125 0.043750
0 0.571875 0.620833 0.028125 0.041667
0 0.908594 0.126042 0.029687 0.056250
0 0.964063 0.459375 0.040625 0.043750
0 0.840625 0.475000 0.031250 0.037500
0 0.753906 0.569792 0.042188 0.027083
0 0.775000 0.708333 0.028125 0.041667
0 0.914844 0.744792 0.026562 0.047917