0 0.058594 0.130208 0.042188 0.043750
0 0.195312 0.129167 0.034375 0.045833
0 0.269531 0.264583 0.032813 0.058333
0 0.232031 0.450000 0.032813 0.045833
0 0.254688 0.676042 0.037500 0.056250
0 0.178906 0.811458 0.042188 0.047917
0 0.044531 0.694792 0.039062 0.035417
0 0.452344 0.610417 0.029687 0.045833
0 0.507031 0.537500 0.042188 0.050000
0 0.555469 0.609375 0.048438 0.043750
0 0.430469 0.329167 0.042188 0.045833
0 0.520312 0.321875 0.037500 0.047917
0 0.731250 0.564583 0.043750 0.041667
0 0.750781 0.682292 0.039062 0.043750
0 0.881250 0.706250 0.043750 0.054167
0 0.803125 0.456250 0.046875 0.070833
0 0.926562 0.435417 0.040625 0.050000
0 0.861719 0.097917 0.035937 0.045833