0 0.060156 0.130208 0.029687 0.047917
0 0.198437 0.128125 0.028125 0.047917
0 0.271094 0.263542 0.035937 0.056250
0 0.230469 0.447917 0.039062 0.066667
0 0.042188 0.695833 0.040625 0.050000
0 0.175000 0.809375 0.037500 0.047917
0 0.250781 0.679167 0.042188 0.058333
0 0.453906 0.611458 0.035937 0.047917
0 0.553125 0.610417 0.034375 0.045833
0 0.510938 0.539583 0.034375 0.050000
0 0.432812 0.326042 0.040625 0.047917
0 0.526563 0.328125 0.028125 0.047917
0 0.865625 0.104167 0.050000 0.041667
0 0.807031 0.455208 0.045312 0.052083
0 0.929688 0.432292 0.037500 0.064583
0 0.725781 0.558333 0.048438 0.045833
0 0.750781 0.687500 0.042188 0.050000
0 0.885156 0.709375 0.032813 0.068750