0 0.100781 0.117708 0.032813 0.043750
0 0.232813 0.137500 0.028125 0.054167
0 0.299219 0.262500 0.032813 0.054167
0 0.259375 0.437500 0.034375 0.050000
0 0.273438 0.679167 0.037500 0.066667
0 0.071875 0.676042 0.050000 0.043750
0 0.194531 0.805208 0.029687 0.052083
0 0.460938 0.332292 0.040625 0.043750
0 0.557031 0.331250 0.035937 0.045833
0 0.535156 0.548958 0.035937 0.043750
0 0.474219 0.616667 0.032813 0.054167
0 0.574219 0.629167 0.032813 0.050000
0 0.907813 0.127083 0.025000 0.050000
0 0.959375 0.458333 0.037500 0.045833
0 0.844531 0.480208 0.032813 0.039583
0 0.752344 0.580208 0.042188 0.043750
0 0.777344 0.706250 0.029687 0.037500
0 0.913281 0.738542 0.029687 0.039583