0 0.097656 0.118750 0.032813 0.037500
0 0.235156 0.126042 0.032813 0.039583
0 0.303906 0.263542 0.029687 0.043750
0 0.260937 0.439583 0.046875 0.041667
0 0.278125 0.677083 0.043750 0.037500
0 0.067187 0.669792 0.034375 0.047917
0 0.193750 0.808333 0.040625 0.050000
0 0.470313 0.611458 0.037500 0.035417
0 0.575000 0.622917 0.034375 0.037500
0 0.537500 0.545833 0.031250 0.037500
0 0.458594 0.328125 0.029687 0.043750
0 0.548438 0.333333 0.040625 0.041667
0 0.777344 0.702083 0.039062 0.050000
0 0.750781 0.577083 0.045312 0.045833
0 0.909375 0.739583 0.037500 0.037500
0 0.843750 0.480208 0.037500 0.039583
0 0.959375 0.462500 0.046875 0.041667
0 0.905469 0.121875 0.039062 0.035417