0 0.082812 0.117708 0.040625 0.047917
0 0.219531 0.125000 0.039062 0.058333
0 0.291406 0.263542 0.039062 0.047917
0 0.250000 0.444792 0.043750 0.060417
0 0.264844 0.679167 0.048438 0.066667
0 0.054688 0.682292 0.037500 0.056250
0 0.185938 0.809375 0.046875 0.060417
0 0.466406 0.612500 0.045312 0.050000
0 0.528125 0.542708 0.034375 0.052083
0 0.567187 0.619792 0.034375 0.047917
0 0.450000 0.328125 0.034375 0.052083
0 0.542188 0.327083 0.040625 0.062500
0 0.742969 0.567708 0.048438 0.043750
0 0.765625 0.694792 0.043750 0.060417
0 0.903906 0.732292 0.039062 0.064583
0 0.833594 0.469792 0.054688 0.068750
0 0.950000 0.448958 0.040625 0.064583
0 0.889844 0.108333 0.035937 0.041667