0 0.084375 0.120833 0.037500 0.054167
0 0.216406 0.119792 0.035937 0.052083
0 0.290625 0.263542 0.031250 0.056250
0 0.248438 0.440625 0.046875 0.052083
0 0.261719 0.676042 0.045312 0.060417
0 0.050781 0.680208 0.039062 0.052083
0 0.189062 0.812500 0.050000 0.054167
0 0.451562 0.328125 0.037500 0.052083
0 0.542969 0.328125 0.039062 0.052083
0 0.528906 0.542708 0.029687 0.060417
0 0.569531 0.616667 0.039062 0.050000
0 0.465625 0.608333 0.031250 0.058333
0 0.832031 0.465625 0.051562 0.056250
0 0.742188 0.566667 0.046875 0.062500
0 0.769531 0.700000 0.054688 0.054167
0 0.907031 0.729167 0.048438 0.054167
0 0.949219 0.452083 0.042188 0.058333
0 0.888281 0.107292 0.039062 0.056250