0 0.065625 0.126042 0.021875 0.035417
0 0.194531 0.127083 0.035937 0.054167
0 0.270313 0.261458 0.040625 0.064583
0 0.229687 0.444792 0.043750 0.056250
0 0.258594 0.681250 0.051562 0.037500
0 0.177344 0.812500 0.032813 0.045833
0 0.045312 0.691667 0.043750 0.050000
0 0.428906 0.325000 0.035937 0.041667
0 0.525000 0.323958 0.031250 0.035417
0 0.513281 0.533333 0.029687 0.037500
0 0.451562 0.609375 0.025000 0.047917
0 0.552344 0.606250 0.029687 0.033333
0 0.753906 0.683333 0.032813 0.037500
0 0.725000 0.556250 0.040625 0.054167
0 0.810937 0.451042 0.034375 0.060417
0 0.925000 0.434375 0.034375 0.052083
0 0.885938 0.709375 0.056250 0.056250
0 0.861719 0.098958 0.064062 0.052083