0 0.079687 0.116667 0.037500 0.045833
0 0.216406 0.116667 0.042188 0.045833
0 0.285156 0.253125 0.042188 0.060417
0 0.246094 0.436458 0.042188 0.056250
0 0.266406 0.675000 0.045312 0.083333
0 0.053906 0.681250 0.032813 0.050000
0 0.186719 0.805208 0.045312 0.047917
0 0.464844 0.611458 0.029687 0.047917
0 0.524219 0.538542 0.032813 0.047917
0 0.566406 0.611458 0.032813 0.052083
0 0.451562 0.326042 0.037500 0.047917
0 0.540625 0.325000 0.043750 0.050000
0 0.741406 0.565625 0.035937 0.052083
0 0.764844 0.692708 0.039062 0.068750
0 0.900781 0.726042 0.042188 0.056250
0 0.834375 0.468750 0.046875 0.058333
0 0.952344 0.446875 0.042188 0.056250
0 0.889844 0.110417 0.039062 0.058333