0 0.087500 0.119792 0.037500 0.039583
0 0.219531 0.122917 0.035937 0.045833
0 0.289062 0.255208 0.040625 0.056250
0 0.247656 0.434375 0.039062 0.064583
0 0.265625 0.680208 0.031250 0.052083
0 0.187500 0.805208 0.031250 0.056250
0 0.057031 0.678125 0.032813 0.047917
0 0.448437 0.325000 0.043750 0.045833
0 0.541406 0.327083 0.032813 0.054167
0 0.525000 0.538542 0.034375 0.052083
0 0.567969 0.612500 0.029687 0.041667
0 0.469531 0.610417 0.039062 0.041667
0 0.766406 0.695833 0.032813 0.045833
0 0.740625 0.564583 0.034375 0.050000
0 0.830469 0.463542 0.029687 0.056250
0 0.949219 0.445833 0.042188 0.058333
0 0.901563 0.723958 0.031250 0.056250
0 0.886719 0.105208 0.039062 0.043750