0 0.101562 0.118750 0.034375 0.033333
0 0.235156 0.122917 0.032813 0.037500
0 0.303125 0.256250 0.034375 0.054167
0 0.260156 0.443750 0.039062 0.041667
0 0.275000 0.673958 0.043750 0.056250
0 0.068750 0.670833 0.031250 0.050000
0 0.192188 0.798958 0.037500 0.047917
0 0.469531 0.606250 0.029687 0.045833
0 0.575781 0.620833 0.045312 0.045833
0 0.532813 0.548958 0.040625 0.031250
0 0.460156 0.328125 0.029687 0.039583
0 0.553906 0.328125 0.032813 0.043750
0 0.758594 0.576042 0.039062 0.043750
0 0.840625 0.467708 0.037500 0.047917
0 0.775000 0.698958 0.031250 0.052083
0 0.907031 0.735417 0.035937 0.050000
0 0.959375 0.457292 0.034375 0.047917
0 0.903125 0.116667 0.034375 0.050000