0 0.082031 0.120833 0.035937 0.041667
0 0.221094 0.118750 0.032813 0.041667
0 0.286719 0.255208 0.042188 0.060417
0 0.246094 0.441667 0.048438 0.054167
0 0.267188 0.672917 0.037500 0.058333
0 0.189844 0.806250 0.035937 0.058333
0 0.059375 0.681250 0.034375 0.050000
0 0.467969 0.610417 0.035937 0.058333
0 0.525781 0.539583 0.026562 0.045833
0 0.564063 0.607292 0.037500 0.056250
0 0.447656 0.329167 0.029687 0.037500
0 0.541406 0.325000 0.035937 0.045833
0 0.742969 0.562500 0.039062 0.045833
0 0.767188 0.692708 0.034375 0.047917
0 0.902344 0.723958 0.035937 0.052083
0 0.832031 0.464583 0.029687 0.066667
0 0.952344 0.447917 0.029687 0.041667
0 0.892188 0.108333 0.043750 0.045833