0 0.064844 0.125000 0.029687 0.054167
0 0.192969 0.127083 0.032813 0.054167
0 0.271094 0.257292 0.042188 0.060417
0 0.232031 0.441667 0.035937 0.062500
0 0.257031 0.679167 0.057813 0.045833
0 0.178906 0.812500 0.054688 0.050000
0 0.045312 0.688542 0.050000 0.060417
0 0.451562 0.607292 0.040625 0.043750
0 0.511719 0.530208 0.032813 0.043750
0 0.554688 0.607292 0.028125 0.043750
0 0.430469 0.329167 0.032813 0.045833
0 0.521094 0.317708 0.035937 0.064583
0 0.749219 0.673958 0.032813 0.056250
0 0.889844 0.706250 0.035937 0.062500
0 0.727344 0.554167 0.048438 0.054167
0 0.810937 0.452083 0.068750 0.050000
0 0.923438 0.428125 0.046875 0.056250
0 0.868750 0.093750 0.040625 0.037500