0 0.080469 0.113542 0.042188 0.039583
0 0.220312 0.117708 0.050000 0.047917
0 0.286719 0.253125 0.039062 0.060417
0 0.253906 0.435417 0.060937 0.058333
0 0.262500 0.669792 0.050000 0.068750
0 0.190625 0.811458 0.046875 0.052083
0 0.059375 0.678125 0.046875 0.047917
0 0.448437 0.325000 0.031250 0.050000
0 0.539844 0.319792 0.045312 0.060417
0 0.525781 0.536458 0.023438 0.072917
0 0.569531 0.614583 0.023438 0.058333
0 0.464844 0.607292 0.029687 0.047917
0 0.745313 0.566667 0.034375 0.054167
0 0.767188 0.688542 0.043750 0.060417
0 0.901563 0.728125 0.050000 0.047917
0 0.831250 0.466667 0.043750 0.054167
0 0.949219 0.443750 0.051562 0.050000
0 0.893750 0.112500 0.040625 0.041667