0 0.100781 0.120833 0.023438 0.033333
0 0.232031 0.121875 0.023438 0.027083
0 0.303125 0.261458 0.025000 0.031250
0 0.259375 0.438542 0.021875 0.035417
0 0.068750 0.668750 0.025000 0.033333
0 0.275781 0.679167 0.032813 0.041667
0 0.193750 0.808333 0.025000 0.045833
0 0.461719 0.331250 0.017188 0.025000
0 0.557031 0.329167 0.017188 0.029167
0 0.533594 0.550000 0.020313 0.029167
0 0.477344 0.612500 0.026562 0.029167
0 0.571875 0.623958 0.025000 0.022917
0 0.910156 0.122917 0.032813 0.037500
0 0.960938 0.456250 0.050000 0.050000
0 0.842969 0.480208 0.039062 0.043750
0 0.746875 0.566667 0.031250 0.037500
0 0.771875 0.700000 0.031250 0.033333
0 0.913281 0.742708 0.035937 0.052083