0 0.082031 0.118750 0.026562 0.045833
0 0.225000 0.118750 0.050000 0.037500
0 0.292969 0.262500 0.035937 0.054167
0 0.246094 0.440625 0.042188 0.056250
0 0.265625 0.677083 0.037500 0.058333
0 0.182812 0.809375 0.031250 0.056250
0 0.055469 0.680208 0.039062 0.056250
0 0.460938 0.605208 0.031250 0.047917
0 0.526563 0.542708 0.028125 0.043750
0 0.564063 0.612500 0.034375 0.050000
0 0.449219 0.327083 0.035937 0.041667
0 0.544531 0.325000 0.042188 0.045833
0 0.746094 0.569792 0.042188 0.043750
0 0.762500 0.694792 0.037500 0.047917
0 0.907813 0.736458 0.046875 0.047917
0 0.830469 0.465625 0.032813 0.052083
0 0.952344 0.453125 0.042188 0.056250
0 0.890625 0.112500 0.034375 0.050000