0 0.060156 0.126042 0.045312 0.056250
0 0.197656 0.128125 0.054688 0.060417
0 0.274219 0.267708 0.051562 0.056250
0 0.231250 0.445833 0.040625 0.058333
0 0.253906 0.680208 0.042188 0.060417
0 0.039062 0.687500 0.050000 0.066667
0 0.181250 0.817708 0.046875 0.064583
0 0.453906 0.609375 0.045312 0.047917
0 0.510938 0.530208 0.053125 0.056250
0 0.556250 0.610417 0.037500 0.054167
0 0.746094 0.677083 0.042188 0.058333
0 0.725000 0.556250 0.046875 0.045833
0 0.893750 0.713542 0.059375 0.052083
0 0.812500 0.455208 0.043750 0.068750
0 0.932031 0.435417 0.057813 0.054167
0 0.864844 0.095833 0.039062 0.050000
0 0.431250 0.328125 0.040625 0.043750
0 0.528125 0.326042 0.050000 0.047917