0 0.100000 0.115625 0.037500 0.043750
0 0.230469 0.122917 0.042188 0.054167
0 0.306250 0.261458 0.031250 0.060417
0 0.257812 0.444792 0.053125 0.043750
0 0.070312 0.670833 0.037500 0.054167
0 0.273438 0.678125 0.046875 0.056250
0 0.200000 0.802083 0.031250 0.066667
0 0.472656 0.612500 0.035937 0.050000
0 0.567969 0.616667 0.048438 0.045833
0 0.529687 0.544792 0.037500 0.047917
0 0.458594 0.330208 0.035937 0.047917
0 0.548438 0.326042 0.037500 0.052083
0 0.749219 0.573958 0.035937 0.047917
0 0.778125 0.706250 0.040625 0.054167
0 0.907031 0.737500 0.035937 0.050000
0 0.841406 0.475000 0.042188 0.054167
0 0.963281 0.461458 0.035937 0.043750
0 0.905469 0.116667 0.035937 0.041667