0 0.084375 0.126042 0.028125 0.056250
0 0.218750 0.118750 0.046875 0.037500
0 0.287500 0.258333 0.037500 0.054167
0 0.245312 0.434375 0.034375 0.056250
0 0.266406 0.678125 0.042188 0.052083
0 0.185156 0.803125 0.032813 0.064583
0 0.058594 0.683333 0.035937 0.050000
0 0.466406 0.608333 0.042188 0.045833
0 0.525000 0.537500 0.037500 0.050000
0 0.565625 0.614583 0.037500 0.050000
0 0.446875 0.330208 0.025000 0.035417
0 0.539062 0.321875 0.043750 0.052083
0 0.745313 0.562500 0.034375 0.054167
0 0.831250 0.465625 0.034375 0.097917
0 0.763281 0.688542 0.039062 0.060417
0 0.903125 0.729167 0.037500 0.050000
0 0.950000 0.443750 0.040625 0.058333
0 0.889844 0.105208 0.039062 0.056250