0 0.098437 0.118750 0.034375 0.037500
0 0.228906 0.121875 0.035937 0.039583
0 0.297656 0.255208 0.035937 0.056250
0 0.260156 0.436458 0.039062 0.047917
0 0.066406 0.668750 0.035937 0.054167
0 0.275000 0.677083 0.037500 0.045833
0 0.199219 0.798958 0.042188 0.047917
0 0.476562 0.609375 0.037500 0.047917
0 0.571875 0.611458 0.028125 0.047917
0 0.532813 0.540625 0.037500 0.043750
0 0.460938 0.329167 0.031250 0.041667
0 0.553906 0.332292 0.035937 0.031250
0 0.753125 0.571875 0.037500 0.043750
0 0.775000 0.707292 0.037500 0.039583
0 0.908594 0.737500 0.039062 0.045833
0 0.838281 0.469792 0.035937 0.043750
0 0.964063 0.465625 0.034375 0.043750
0 0.901563 0.116667 0.037500 0.050000