0 0.096875 0.118750 0.043750 0.045833
0 0.229687 0.113542 0.050000 0.056250
0 0.307031 0.266667 0.048438 0.045833
0 0.246094 0.431250 0.060937 0.062500
0 0.267188 0.667708 0.065625 0.064583
0 0.057813 0.657292 0.059375 0.072917
0 0.200000 0.794792 0.037500 0.064583
0 0.480469 0.603125 0.035937 0.064583
0 0.575000 0.610417 0.040625 0.062500
0 0.535156 0.533333 0.039062 0.050000
0 0.460156 0.316667 0.051562 0.095833
0 0.557813 0.326042 0.056250 0.056250
0 0.746094 0.576042 0.060937 0.068750
0 0.781250 0.700000 0.046875 0.041667
0 0.903906 0.731250 0.048438 0.054167
0 0.847656 0.469792 0.048438 0.056250
0 0.964844 0.454167 0.035937 0.062500
0 0.902344 0.104167 0.048438 0.054167