0 0.104688 0.126042 0.040625 0.043750
0 0.226562 0.121875 0.040625 0.043750
0 0.307812 0.251042 0.040625 0.043750
0 0.267188 0.436458 0.040625 0.043750
0 0.065625 0.671875 0.040625 0.043750
0 0.273438 0.680208 0.040625 0.043750
0 0.189062 0.813542 0.040625 0.043750
0 0.456250 0.326042 0.040625 0.043750
0 0.557813 0.328125 0.040625 0.043750
0 0.535937 0.540625 0.040625 0.043750
0 0.473438 0.615625 0.040625 0.043750
0 0.576562 0.623958 0.040625 0.043750
0 0.907813 0.113542 0.040625 0.043750
0 0.956250 0.465625 0.040625 0.043750
0 0.839063 0.476042 0.040625 0.043750
0 0.745313 0.571875 0.040625 0.043750
0 0.773438 0.696875 0.040625 0.043750
0 0.914062 0.742708 0.040625 0.043750