0 0.099219 0.121875 0.023438 0.052083
0 0.238281 0.128125 0.045312 0.047917
0 0.299219 0.266667 0.039062 0.054167
0 0.259375 0.438542 0.040625 0.052083
0 0.277344 0.683333 0.032813 0.070833
0 0.196875 0.805208 0.031250 0.052083
0 0.071094 0.684375 0.032813 0.056250
0 0.471094 0.338542 0.048438 0.047917
0 0.555469 0.340625 0.029687 0.064583
0 0.535156 0.545833 0.026562 0.041667
0 0.477344 0.614583 0.039062 0.045833
0 0.575781 0.626042 0.035937 0.043750
0 0.907813 0.123958 0.046875 0.056250
0 0.966406 0.463542 0.045312 0.043750
0 0.846094 0.482292 0.048438 0.052083
0 0.750000 0.578125 0.046875 0.047917
0 0.778125 0.704167 0.043750 0.045833
0 0.921875 0.741667 0.043750 0.062500