0 0.106250 0.118750 0.025000 0.037500
0 0.231250 0.123958 0.021875 0.035417
0 0.300781 0.264583 0.023438 0.029167
0 0.260937 0.438542 0.021875 0.035417
0 0.067187 0.672917 0.021875 0.029167
0 0.273438 0.680208 0.025000 0.031250
0 0.198437 0.807292 0.028125 0.039583
0 0.460156 0.331250 0.017188 0.029167
0 0.553125 0.332292 0.018750 0.031250
0 0.532031 0.543750 0.014063 0.033333
0 0.475781 0.615625 0.020313 0.031250
0 0.572656 0.619792 0.023438 0.027083
0 0.905469 0.121875 0.023438 0.031250
0 0.960938 0.459375 0.025000 0.018750
0 0.840625 0.471875 0.025000 0.039583
0 0.746875 0.570833 0.031250 0.037500
0 0.775000 0.703125 0.025000 0.022917
0 0.912500 0.743750 0.018750 0.041667