0 0.103125 0.117708 0.031250 0.047917
0 0.237500 0.122917 0.040625 0.054167
0 0.305469 0.260417 0.032813 0.054167
0 0.261719 0.440625 0.042188 0.047917
0 0.067969 0.671875 0.026562 0.052083
0 0.276562 0.676042 0.043750 0.047917
0 0.196094 0.805208 0.042188 0.060417
0 0.460156 0.333333 0.029687 0.050000
0 0.557031 0.335417 0.032813 0.054167
0 0.538281 0.541667 0.029687 0.041667
0 0.473438 0.612500 0.028125 0.045833
0 0.575000 0.620833 0.028125 0.058333
0 0.911719 0.121875 0.039062 0.064583
0 0.965625 0.460417 0.040625 0.041667
0 0.844531 0.471875 0.054688 0.047917
0 0.750781 0.572917 0.048438 0.045833
0 0.775781 0.702083 0.057813 0.033333
0 0.915625 0.740625 0.046875 0.060417