0 0.079687 0.117708 0.034375 0.047917
0 0.222656 0.130208 0.039062 0.047917
0 0.287500 0.266667 0.028125 0.045833
0 0.249219 0.446875 0.029687 0.056250
0 0.059375 0.682292 0.043750 0.064583
0 0.267188 0.680208 0.034375 0.052083
0 0.189844 0.813542 0.042188 0.064583
0 0.450000 0.332292 0.034375 0.043750
0 0.542969 0.331250 0.029687 0.050000
0 0.528125 0.544792 0.034375 0.047917
0 0.460156 0.610417 0.039062 0.050000
0 0.564844 0.618750 0.026562 0.041667
0 0.740625 0.565625 0.034375 0.052083
0 0.889844 0.110417 0.039062 0.045833
0 0.952344 0.452083 0.039062 0.033333
0 0.829688 0.465625 0.040625 0.043750
0 0.765625 0.697917 0.037500 0.050000
0 0.901563 0.732292 0.037500 0.052083