0 0.103125 0.117708 0.028125 0.060417
0 0.236719 0.125000 0.042188 0.050000
0 0.303906 0.267708 0.042188 0.052083
0 0.255469 0.436458 0.042188 0.064583
0 0.275781 0.673958 0.039062 0.060417
0 0.069531 0.668750 0.039062 0.062500
0 0.195312 0.801042 0.034375 0.060417
0 0.474219 0.612500 0.032813 0.045833
0 0.567969 0.617708 0.039062 0.052083
0 0.535937 0.544792 0.031250 0.047917
0 0.460938 0.330208 0.037500 0.047917
0 0.550781 0.331250 0.035937 0.054167
0 0.752344 0.570833 0.032813 0.058333
0 0.775000 0.702083 0.037500 0.058333
0 0.916406 0.732292 0.054688 0.056250
0 0.835156 0.466667 0.035937 0.062500
0 0.960938 0.460417 0.037500 0.045833
0 0.903125 0.117708 0.037500 0.047917