0 0.107813 0.117708 0.043750 0.035417
0 0.231250 0.121875 0.034375 0.039583
0 0.300000 0.255208 0.034375 0.052083
0 0.261719 0.437500 0.045312 0.050000
0 0.275000 0.673958 0.059375 0.060417
0 0.066406 0.667708 0.048438 0.047917
0 0.193750 0.789583 0.040625 0.058333
0 0.469531 0.609375 0.042188 0.047917
0 0.564844 0.609375 0.039062 0.043750
0 0.532031 0.540625 0.035937 0.039583
0 0.457813 0.336458 0.031250 0.047917
0 0.547656 0.330208 0.039062 0.052083
0 0.744531 0.566667 0.039062 0.045833
0 0.774219 0.695833 0.042188 0.050000
0 0.907031 0.733333 0.042188 0.058333
0 0.842969 0.473958 0.045312 0.047917
0 0.959375 0.458333 0.037500 0.045833
0 0.903906 0.118750 0.042188 0.054167