0 0.081250 0.116667 0.034375 0.050000
0 0.217188 0.118750 0.050000 0.041667
0 0.289062 0.259375 0.043750 0.052083
0 0.247656 0.436458 0.045312 0.064583
0 0.267188 0.676042 0.043750 0.056250
0 0.188281 0.802083 0.042188 0.054167
0 0.055469 0.675000 0.045312 0.045833
0 0.464062 0.605208 0.046875 0.052083
0 0.526563 0.536458 0.037500 0.052083
0 0.568750 0.609375 0.034375 0.047917
0 0.450000 0.328125 0.034375 0.039583
0 0.542969 0.322917 0.039062 0.054167
0 0.740625 0.566667 0.043750 0.050000
0 0.765625 0.697917 0.031250 0.050000
0 0.899219 0.721875 0.045312 0.052083
0 0.828906 0.467708 0.039062 0.056250
0 0.948438 0.444792 0.050000 0.056250
0 0.893750 0.110417 0.037500 0.058333