0 0.100781 0.116667 0.042188 0.041667
0 0.231250 0.123958 0.031250 0.039583
0 0.296875 0.256250 0.037500 0.062500
0 0.256250 0.434375 0.037500 0.056250
0 0.275781 0.680208 0.039062 0.047917
0 0.071875 0.670833 0.037500 0.045833
0 0.202344 0.804167 0.035937 0.050000
0 0.471875 0.609375 0.040625 0.047917
0 0.575781 0.615625 0.035937 0.043750
0 0.532813 0.542708 0.037500 0.039583
0 0.457031 0.322917 0.029687 0.045833
0 0.548438 0.322917 0.040625 0.054167
0 0.750000 0.575000 0.043750 0.054167
0 0.776563 0.703125 0.037500 0.052083
0 0.913281 0.735417 0.042188 0.058333
0 0.838281 0.469792 0.042188 0.047917
0 0.967969 0.462500 0.045312 0.054167
0 0.902344 0.118750 0.042188 0.045833