0 0.078125 0.120833 0.028125 0.037500
0 0.217969 0.120833 0.042188 0.037500
0 0.290625 0.258333 0.040625 0.054167
0 0.250000 0.439583 0.034375 0.050000
0 0.264844 0.673958 0.045312 0.047917
0 0.186719 0.807292 0.029687 0.052083
0 0.058594 0.679167 0.042188 0.058333
0 0.466406 0.607292 0.029687 0.052083
0 0.525781 0.544792 0.029687 0.047917
0 0.567187 0.613542 0.025000 0.043750
0 0.450000 0.328125 0.034375 0.039583
0 0.541406 0.322917 0.032813 0.050000
0 0.901563 0.722917 0.040625 0.062500
0 0.767969 0.692708 0.042188 0.043750
0 0.742188 0.569792 0.037500 0.043750
0 0.830469 0.460417 0.035937 0.054167
0 0.951562 0.448958 0.037500 0.052083
0 0.889844 0.105208 0.035937 0.039583