0 0.100781 0.119792 0.029687 0.039583
0 0.234375 0.126042 0.031250 0.039583
0 0.305469 0.264583 0.032813 0.050000
0 0.259375 0.443750 0.040625 0.045833
0 0.071875 0.666667 0.040625 0.054167
0 0.275781 0.673958 0.042188 0.047917
0 0.197656 0.796875 0.029687 0.052083
0 0.476562 0.612500 0.031250 0.045833
0 0.537500 0.544792 0.034375 0.035417
0 0.575781 0.622917 0.026562 0.050000
0 0.465625 0.332292 0.050000 0.052083
0 0.550781 0.332292 0.035937 0.043750
0 0.776563 0.702083 0.037500 0.037500
0 0.752344 0.572917 0.035937 0.045833
0 0.839844 0.469792 0.039062 0.043750
0 0.913281 0.734375 0.035937 0.043750
0 0.960938 0.460417 0.040625 0.041667
0 0.904687 0.119792 0.046875 0.039583