0 0.064062 0.135417 0.028125 0.054167
0 0.198437 0.129167 0.025000 0.045833
0 0.271875 0.265625 0.046875 0.072917
0 0.229687 0.442708 0.037500 0.060417
0 0.045312 0.689583 0.034375 0.054167
0 0.253125 0.681250 0.037500 0.050000
0 0.180469 0.812500 0.023438 0.045833
0 0.429688 0.327083 0.028125 0.041667
0 0.524219 0.323958 0.023438 0.056250
0 0.451562 0.605208 0.046875 0.047917
0 0.507031 0.534375 0.035937 0.056250
0 0.555469 0.602083 0.035937 0.054167
0 0.749219 0.681250 0.035937 0.037500
0 0.722656 0.550000 0.039062 0.050000
0 0.808594 0.451042 0.039062 0.060417
0 0.928125 0.436458 0.040625 0.052083
0 0.881250 0.705208 0.034375 0.064583
0 0.862500 0.095833 0.040625 0.045833