0 0.078125 0.117708 0.037500 0.047917
0 0.217969 0.120833 0.042188 0.050000
0 0.292187 0.270833 0.034375 0.075000
0 0.249219 0.442708 0.045312 0.060417
0 0.266406 0.676042 0.042188 0.060417
0 0.190625 0.805208 0.040625 0.056250
0 0.058594 0.680208 0.045312 0.043750
0 0.463281 0.609375 0.035937 0.056250
0 0.521875 0.538542 0.046875 0.056250
0 0.568750 0.612500 0.031250 0.054167
0 0.449219 0.328125 0.032813 0.047917
0 0.539844 0.323958 0.032813 0.056250
0 0.739844 0.558333 0.051562 0.054167
0 0.825781 0.461458 0.048438 0.060417
0 0.764844 0.687500 0.048438 0.058333
0 0.899219 0.723958 0.057813 0.052083
0 0.950781 0.448958 0.039062 0.052083
0 0.890625 0.109375 0.037500 0.064583