0 0.078125 0.114583 0.050000 0.058333
0 0.217188 0.117708 0.043750 0.047917
0 0.290625 0.260417 0.040625 0.050000
0 0.249219 0.444792 0.045312 0.043750
0 0.262500 0.675000 0.043750 0.062500
0 0.185938 0.803125 0.046875 0.052083
0 0.057031 0.677083 0.057813 0.045833
0 0.464062 0.607292 0.040625 0.047917
0 0.525781 0.542708 0.029687 0.052083
0 0.565625 0.613542 0.031250 0.047917
0 0.740625 0.561458 0.043750 0.047917
0 0.763281 0.694792 0.035937 0.056250
0 0.907031 0.727083 0.067187 0.058333
0 0.827344 0.462500 0.035937 0.054167
0 0.949219 0.446875 0.042188 0.060417
0 0.888281 0.107292 0.035937 0.052083
0 0.450000 0.330208 0.037500 0.047917
0 0.541406 0.325000 0.039062 0.045833