0 0.100000 0.116667 0.031250 0.037500
0 0.228125 0.121875 0.031250 0.027083
0 0.301563 0.260417 0.028125 0.050000
0 0.258594 0.440625 0.029687 0.043750
0 0.275000 0.672917 0.034375 0.050000
0 0.064062 0.670833 0.031250 0.037500
0 0.195312 0.797917 0.034375 0.050000
0 0.469531 0.608333 0.032813 0.037500
0 0.573438 0.618750 0.031250 0.033333
0 0.534375 0.544792 0.034375 0.035417
0 0.457031 0.331250 0.032813 0.033333
0 0.554688 0.332292 0.034375 0.035417
0 0.746875 0.571875 0.031250 0.043750
0 0.778125 0.708333 0.034375 0.033333
0 0.910156 0.740625 0.035937 0.047917
0 0.840625 0.471875 0.043750 0.039583
0 0.960156 0.463542 0.029687 0.043750
0 0.904687 0.117708 0.037500 0.035417