0 0.078125 0.119792 0.040625 0.047917
0 0.217188 0.121875 0.046875 0.043750
0 0.288281 0.263542 0.045312 0.052083
0 0.242969 0.435417 0.048438 0.050000
0 0.265625 0.676042 0.046875 0.060417
0 0.185938 0.808333 0.034375 0.054167
0 0.053906 0.679167 0.051562 0.041667
0 0.464062 0.606250 0.040625 0.054167
0 0.523438 0.538542 0.037500 0.047917
0 0.566406 0.611458 0.042188 0.043750
0 0.446094 0.332292 0.035937 0.047917
0 0.543750 0.327083 0.034375 0.037500
0 0.889062 0.105208 0.034375 0.056250
0 0.952344 0.452083 0.035937 0.058333
0 0.830469 0.471875 0.045312 0.052083
0 0.739844 0.564583 0.032813 0.045833
0 0.765625 0.690625 0.043750 0.060417
0 0.902344 0.729167 0.045312 0.054167