0 0.099219 0.114583 0.026562 0.045833
0 0.235156 0.114583 0.020313 0.037500
0 0.304688 0.254167 0.031250 0.041667
0 0.260156 0.437500 0.029687 0.045833
0 0.065625 0.670833 0.037500 0.054167
0 0.275000 0.675000 0.031250 0.058333
0 0.195312 0.800000 0.037500 0.050000
0 0.460156 0.330208 0.023438 0.056250
0 0.556250 0.328125 0.031250 0.056250
0 0.535937 0.541667 0.031250 0.041667
0 0.471875 0.608333 0.034375 0.041667
0 0.574219 0.612500 0.023438 0.045833
0 0.906250 0.111458 0.031250 0.052083
0 0.962500 0.460417 0.031250 0.045833
0 0.839844 0.469792 0.032813 0.047917
0 0.750781 0.570833 0.045312 0.041667
0 0.775781 0.700000 0.042188 0.045833
0 0.907813 0.736458 0.034375 0.047917