0 0.083594 0.116667 0.045312 0.050000
0 0.217969 0.120833 0.035937 0.045833
0 0.288281 0.258333 0.039062 0.054167
0 0.245312 0.438542 0.053125 0.060417
0 0.263281 0.671875 0.035937 0.060417
0 0.054688 0.678125 0.043750 0.056250
0 0.185156 0.807292 0.042188 0.052083
0 0.462500 0.609375 0.034375 0.047917
0 0.523438 0.538542 0.031250 0.043750
0 0.561719 0.609375 0.035937 0.047917
0 0.450000 0.329167 0.025000 0.050000
0 0.539062 0.327083 0.046875 0.050000
0 0.740625 0.563542 0.034375 0.047917
0 0.767969 0.694792 0.045312 0.047917
0 0.906250 0.728125 0.040625 0.064583
0 0.831250 0.464583 0.040625 0.054167
0 0.950000 0.443750 0.050000 0.054167
0 0.888281 0.107292 0.035937 0.052083