0 0.101562 0.119792 0.034375 0.031250
0 0.233594 0.120833 0.032813 0.045833
0 0.303906 0.259375 0.039062 0.060417
0 0.257031 0.445833 0.045312 0.050000
0 0.071094 0.669792 0.032813 0.060417
0 0.278125 0.681250 0.050000 0.037500
0 0.199219 0.801042 0.032813 0.052083
0 0.477344 0.609375 0.029687 0.056250
0 0.573438 0.616667 0.031250 0.041667
0 0.535937 0.543750 0.040625 0.041667
0 0.461719 0.332292 0.032813 0.039583
0 0.552344 0.333333 0.039062 0.041667
0 0.752344 0.575000 0.029687 0.050000
0 0.775781 0.698958 0.032813 0.039583
0 0.910937 0.737500 0.046875 0.041667
0 0.840625 0.471875 0.037500 0.052083
0 0.957031 0.464583 0.039062 0.045833
0 0.901563 0.119792 0.050000 0.043750