0 0.042188 0.694792 0.037500 0.052083
0 0.254688 0.682292 0.043750 0.060417
0 0.232031 0.445833 0.048438 0.054167
0 0.270313 0.264583 0.053125 0.050000
0 0.198437 0.130208 0.046875 0.056250
0 0.064062 0.127083 0.040625 0.054167
0 0.450781 0.606250 0.035937 0.041667
0 0.556250 0.606250 0.040625 0.041667
0 0.508594 0.533333 0.039062 0.041667
0 0.433594 0.331250 0.048438 0.058333
0 0.523438 0.323958 0.034375 0.064583
0 0.753125 0.683333 0.037500 0.058333
0 0.889062 0.706250 0.056250 0.054167
0 0.722656 0.555208 0.039062 0.047917
0 0.808594 0.451042 0.048438 0.052083
0 0.928906 0.433333 0.042188 0.062500
0 0.862500 0.097917 0.037500 0.045833
0 0.177344 0.808333 0.070312 0.062500