0 0.082812 0.115625 0.040625 0.047917
0 0.218750 0.121875 0.037500 0.043750
0 0.290625 0.261458 0.040625 0.052083
0 0.247656 0.440625 0.042188 0.056250
0 0.056250 0.677083 0.040625 0.058333
0 0.189844 0.810417 0.045312 0.062500
0 0.266406 0.678125 0.048438 0.047917
0 0.466406 0.610417 0.035937 0.037500
0 0.526563 0.540625 0.037500 0.043750
0 0.567969 0.609375 0.032813 0.047917
0 0.446875 0.330208 0.037500 0.035417
0 0.543750 0.332292 0.037500 0.039583
0 0.740625 0.565625 0.034375 0.052083
0 0.764844 0.685417 0.039062 0.062500
0 0.896875 0.720833 0.043750 0.062500
0 0.830469 0.459375 0.045312 0.060417
0 0.947656 0.450000 0.039062 0.062500
0 0.886719 0.107292 0.045312 0.064583