0 0.100781 0.120833 0.035937 0.050000
0 0.232031 0.114583 0.035937 0.050000
0 0.302344 0.262500 0.035937 0.050000
0 0.258594 0.441667 0.035937 0.050000
0 0.060156 0.677083 0.035937 0.050000
0 0.277344 0.683333 0.035937 0.050000
0 0.188281 0.810417 0.035937 0.050000
0 0.464844 0.616667 0.048438 0.054167
0 0.535156 0.537500 0.048438 0.054167
0 0.575781 0.633333 0.048438 0.054167
0 0.452344 0.333333 0.048438 0.054167
0 0.550781 0.329167 0.048438 0.054167
0 0.903906 0.120833 0.048438 0.054167
0 0.966406 0.456250 0.048438 0.054167
0 0.841406 0.468750 0.048438 0.054167
0 0.747656 0.564583 0.048438 0.054167
0 0.767969 0.706250 0.048438 0.054167
0 0.919531 0.750000 0.048438 0.054167