0 0.104688 0.123958 0.043750 0.043750
0 0.232031 0.127083 0.042188 0.045833
0 0.303125 0.262500 0.034375 0.050000
0 0.260937 0.437500 0.046875 0.054167
0 0.272656 0.679167 0.039062 0.050000
0 0.070312 0.675000 0.034375 0.058333
0 0.196875 0.811458 0.018750 0.060417
0 0.462500 0.341667 0.025000 0.058333
0 0.560156 0.333333 0.054688 0.050000
0 0.532813 0.548958 0.025000 0.031250
0 0.478125 0.615625 0.034375 0.039583
0 0.574219 0.622917 0.023438 0.037500
0 0.903906 0.121875 0.035937 0.043750
0 0.963281 0.460417 0.035937 0.041667
0 0.840625 0.480208 0.046875 0.056250
0 0.747656 0.575000 0.039062 0.045833
0 0.778125 0.706250 0.043750 0.054167
0 0.914062 0.739583 0.040625 0.054167