0 0.064844 0.126042 0.042188 0.056250
0 0.201563 0.131250 0.053125 0.045833
0 0.267969 0.262500 0.042188 0.062500
0 0.232031 0.453125 0.051562 0.064583
0 0.257031 0.679167 0.057813 0.062500
0 0.048438 0.696875 0.056250 0.047917
0 0.179688 0.814583 0.043750 0.054167
0 0.453125 0.610417 0.034375 0.050000
0 0.514844 0.537500 0.045312 0.045833
0 0.556250 0.608333 0.046875 0.054167
0 0.428125 0.330208 0.043750 0.047917
0 0.521094 0.323958 0.032813 0.039583
0 0.865625 0.096875 0.043750 0.043750
0 0.925781 0.433333 0.045312 0.066667
0 0.807813 0.457292 0.043750 0.056250
0 0.726562 0.558333 0.050000 0.045833
0 0.750781 0.679167 0.057813 0.054167
0 0.882812 0.707292 0.046875 0.056250