0 0.100000 0.121875 0.025000 0.047917
0 0.232031 0.125000 0.042188 0.041667
0 0.303906 0.261458 0.039062 0.056250
0 0.252344 0.442708 0.048438 0.052083
0 0.064062 0.667708 0.040625 0.052083
0 0.267969 0.675000 0.042188 0.050000
0 0.196094 0.801042 0.032813 0.056250
0 0.468750 0.611458 0.031250 0.056250
0 0.573438 0.618750 0.034375 0.041667
0 0.534375 0.545833 0.037500 0.041667
0 0.462500 0.330208 0.034375 0.047917
0 0.549219 0.335417 0.039062 0.050000
0 0.834375 0.462500 0.046875 0.062500
0 0.752344 0.573958 0.035937 0.043750
0 0.774219 0.703125 0.035937 0.043750
0 0.962500 0.462500 0.031250 0.045833
0 0.913281 0.733333 0.039062 0.062500
0 0.907031 0.116667 0.035937 0.050000