0 0.060937 0.129167 0.034375 0.050000
0 0.196875 0.128125 0.028125 0.043750
0 0.271875 0.267708 0.037500 0.056250
0 0.234375 0.448958 0.046875 0.072917
0 0.250781 0.676042 0.048438 0.060417
0 0.042969 0.687500 0.039062 0.050000
0 0.178125 0.813542 0.040625 0.047917
0 0.429688 0.326042 0.025000 0.043750
0 0.528906 0.323958 0.051562 0.039583
0 0.514844 0.538542 0.035937 0.056250
0 0.452344 0.603125 0.020313 0.047917
0 0.553906 0.610417 0.023438 0.045833
0 0.724219 0.561458 0.039062 0.043750
0 0.807031 0.452083 0.042188 0.054167
0 0.925000 0.430208 0.056250 0.060417
0 0.746875 0.683333 0.037500 0.045833
0 0.882812 0.709375 0.031250 0.060417
0 0.862500 0.094792 0.050000 0.052083