0 0.061719 0.127083 0.035937 0.054167
0 0.195312 0.127083 0.037500 0.050000
0 0.271875 0.261458 0.034375 0.068750
0 0.234375 0.446875 0.046875 0.060417
0 0.254688 0.676042 0.053125 0.060417
0 0.182031 0.811458 0.067187 0.047917
0 0.040625 0.689583 0.037500 0.050000
0 0.455469 0.606250 0.035937 0.045833
0 0.512500 0.533333 0.053125 0.041667
0 0.553125 0.608333 0.037500 0.054167
0 0.426563 0.320833 0.040625 0.054167
0 0.525000 0.321875 0.037500 0.052083
0 0.754687 0.684375 0.065625 0.043750
0 0.889844 0.706250 0.045312 0.058333
0 0.725000 0.552083 0.037500 0.058333
0 0.812500 0.448958 0.046875 0.052083
0 0.930469 0.436458 0.039062 0.056250
0 0.866406 0.098958 0.057813 0.052083