0 0.083594 0.126042 0.039062 0.052083
0 0.225000 0.133333 0.046875 0.062500
0 0.286719 0.262500 0.051562 0.050000
0 0.249219 0.444792 0.045312 0.060417
0 0.065625 0.681250 0.053125 0.054167
0 0.274219 0.670833 0.042188 0.062500
0 0.193750 0.810417 0.043750 0.041667
0 0.471094 0.612500 0.057813 0.037500
0 0.568750 0.618750 0.043750 0.054167
0 0.443750 0.328125 0.031250 0.043750
0 0.542969 0.331250 0.035937 0.062500
0 0.881250 0.103125 0.046875 0.056250
0 0.940625 0.444792 0.050000 0.060417
0 0.824219 0.462500 0.054688 0.050000
0 0.746094 0.558333 0.057813 0.050000
0 0.761719 0.688542 0.039062 0.056250
0 0.896094 0.725000 0.060937 0.050000