0 0.064844 0.138542 0.029687 0.043750
0 0.196094 0.125000 0.035937 0.050000
0 0.264844 0.264583 0.045312 0.041667
0 0.230469 0.450000 0.039062 0.054167
0 0.257812 0.684375 0.031250 0.039583
0 0.182812 0.815625 0.034375 0.039583
0 0.042969 0.689583 0.042188 0.045833
0 0.430469 0.327083 0.029687 0.041667
0 0.523438 0.328125 0.021875 0.047917
0 0.513281 0.533333 0.026562 0.045833
0 0.456250 0.607292 0.034375 0.060417
0 0.550781 0.605208 0.032813 0.047917
0 0.866406 0.095833 0.020313 0.045833
0 0.930469 0.437500 0.045312 0.054167
0 0.810937 0.457292 0.034375 0.056250
0 0.725000 0.559375 0.034375 0.056250
0 0.751563 0.682292 0.037500 0.047917
0 0.887500 0.710417 0.037500 0.058333