0 0.064062 0.132292 0.028125 0.043750
0 0.198437 0.128125 0.046875 0.047917
0 0.269531 0.262500 0.039062 0.050000
0 0.230469 0.440625 0.051562 0.052083
0 0.042969 0.691667 0.035937 0.045833
0 0.173437 0.807292 0.050000 0.056250
0 0.256250 0.687500 0.050000 0.037500
0 0.453906 0.608333 0.029687 0.054167
0 0.514062 0.537500 0.028125 0.045833
0 0.553125 0.605208 0.031250 0.047917
0 0.435156 0.327083 0.032813 0.041667
0 0.523438 0.321875 0.028125 0.052083
0 0.724219 0.553125 0.045312 0.047917
0 0.814844 0.458333 0.042188 0.070833
0 0.925000 0.434375 0.034375 0.064583
0 0.751563 0.680208 0.043750 0.060417
0 0.885156 0.707292 0.035937 0.060417
0 0.867969 0.098958 0.045312 0.043750