0 0.098437 0.113542 0.034375 0.056250
0 0.235156 0.119792 0.035937 0.052083
0 0.303125 0.263542 0.037500 0.064583
0 0.260156 0.439583 0.039062 0.050000
0 0.064062 0.671875 0.040625 0.047917
0 0.276562 0.673958 0.040625 0.052083
0 0.196094 0.803125 0.032813 0.047917
0 0.459375 0.330208 0.028125 0.047917
0 0.557813 0.329167 0.028125 0.045833
0 0.535937 0.539583 0.034375 0.045833
0 0.476562 0.613542 0.031250 0.052083
0 0.575000 0.615625 0.028125 0.039583
0 0.910156 0.115625 0.032813 0.039583
0 0.965625 0.467708 0.040625 0.056250
0 0.840625 0.473958 0.034375 0.052083
0 0.749219 0.577083 0.032813 0.058333
0 0.773438 0.702083 0.031250 0.054167
0 0.913281 0.736458 0.032813 0.052083