0 0.082031 0.120833 0.042188 0.041667
0 0.219531 0.122917 0.035937 0.037500
0 0.288281 0.258333 0.051562 0.058333
0 0.243750 0.441667 0.037500 0.054167
0 0.266406 0.679167 0.039062 0.054167
0 0.183594 0.805208 0.039062 0.056250
0 0.054688 0.683333 0.031250 0.045833
0 0.463281 0.608333 0.042188 0.045833
0 0.524219 0.538542 0.032813 0.047917
0 0.564844 0.611458 0.039062 0.052083
0 0.448437 0.331250 0.037500 0.045833
0 0.542969 0.329167 0.032813 0.054167
0 0.745313 0.565625 0.053125 0.052083
0 0.764062 0.690625 0.050000 0.060417
0 0.899219 0.728125 0.042188 0.060417
0 0.828125 0.462500 0.034375 0.058333
0 0.949219 0.448958 0.045312 0.052083
0 0.886719 0.106250 0.035937 0.058333