0 0.097656 0.115625 0.042188 0.039583
0 0.248438 0.126042 0.081250 0.064583
0 0.301563 0.244792 0.050000 0.056250
0 0.258594 0.429167 0.032813 0.041667
0 0.070312 0.664583 0.040625 0.058333
0 0.279687 0.675000 0.046875 0.054167
0 0.189844 0.803125 0.057813 0.035417
0 0.464844 0.591667 0.051562 0.062500
0 0.575781 0.617708 0.060937 0.043750
0 0.535937 0.533333 0.040625 0.054167
0 0.457031 0.310417 0.048438 0.066667
0 0.548438 0.315625 0.056250 0.077083
0 0.908594 0.121875 0.054688 0.056250
0 0.845313 0.475000 0.043750 0.041667
0 0.755469 0.583333 0.042188 0.062500
0 0.777344 0.695833 0.051562 0.054167
0 0.910156 0.741667 0.051562 0.037500
0 0.954688 0.440625 0.053125 0.068750