0 0.061719 0.131250 0.026562 0.045833
0 0.202344 0.133333 0.051562 0.054167
0 0.275000 0.270833 0.046875 0.070833
0 0.228125 0.454167 0.040625 0.075000
0 0.042969 0.695833 0.042188 0.070833
0 0.256250 0.685417 0.046875 0.066667
0 0.175000 0.815625 0.043750 0.068750
0 0.449219 0.609375 0.035937 0.060417
0 0.553125 0.611458 0.075000 0.060417
0 0.510156 0.536458 0.032813 0.056250
0 0.432031 0.327083 0.026562 0.050000
0 0.521875 0.326042 0.028125 0.068750
0 0.723437 0.553125 0.043750 0.047917
0 0.810937 0.455208 0.040625 0.068750
0 0.754687 0.677083 0.071875 0.054167
0 0.885938 0.710417 0.037500 0.062500
0 0.928906 0.435417 0.048438 0.075000
0 0.860938 0.092708 0.056250 0.052083