0 0.063281 0.130208 0.029687 0.043750
0 0.198437 0.130208 0.025000 0.047917
0 0.271094 0.265625 0.032813 0.056250
0 0.227344 0.445833 0.045312 0.041667
0 0.255469 0.682292 0.032813 0.064583
0 0.048438 0.701042 0.043750 0.035417
0 0.178125 0.805208 0.046875 0.052083
0 0.452344 0.606250 0.029687 0.054167
0 0.510938 0.535417 0.040625 0.041667
0 0.550000 0.604167 0.031250 0.054167
0 0.432812 0.328125 0.031250 0.056250
0 0.525781 0.322917 0.032813 0.054167
0 0.885156 0.707292 0.029687 0.047917
0 0.750781 0.682292 0.026562 0.052083
0 0.725000 0.552083 0.050000 0.058333
0 0.810156 0.453125 0.051562 0.047917
0 0.928125 0.429167 0.031250 0.058333
0 0.864062 0.097917 0.031250 0.045833