0 0.096875 0.115625 0.034375 0.052083
0 0.231250 0.132292 0.037500 0.047917
0 0.303125 0.264583 0.034375 0.050000
0 0.259375 0.447917 0.037500 0.054167
0 0.282813 0.675000 0.043750 0.070833
0 0.067969 0.668750 0.048438 0.062500
0 0.460938 0.331250 0.043750 0.041667
0 0.555469 0.329167 0.045312 0.037500
0 0.533594 0.547917 0.035937 0.054167
0 0.478125 0.615625 0.050000 0.043750
0 0.571094 0.622917 0.048438 0.050000
0 0.907813 0.123958 0.065625 0.043750
0 0.965625 0.463542 0.053125 0.039583
0 0.840625 0.479167 0.050000 0.058333
0 0.750000 0.575000 0.043750 0.062500
0 0.774219 0.701042 0.042188 0.064583
0 0.911719 0.737500 0.042188 0.050000
0 0.195312 0.813542 0.031250 0.052083