0 0.100781 0.120833 0.029687 0.033333
0 0.238281 0.126042 0.039062 0.056250
0 0.302344 0.262500 0.029687 0.058333
0 0.257812 0.440625 0.034375 0.052083
0 0.275781 0.678125 0.035937 0.064583
0 0.067969 0.673958 0.029687 0.047917
0 0.200781 0.805208 0.039062 0.047917
0 0.463281 0.341667 0.035937 0.054167
0 0.553906 0.334375 0.032813 0.047917
0 0.538281 0.554167 0.051562 0.050000
0 0.475781 0.618750 0.039062 0.045833
0 0.575000 0.628125 0.021875 0.047917
0 0.903906 0.129167 0.035937 0.050000
0 0.964844 0.469792 0.045312 0.052083
0 0.839844 0.476042 0.051562 0.047917
0 0.751563 0.579167 0.040625 0.054167
0 0.774219 0.706250 0.032813 0.045833
0 0.915625 0.743750 0.040625 0.062500