0 0.109375 0.122917 0.078125 0.062500
0 0.232031 0.126042 0.060937 0.056250
0 0.305469 0.246875 0.045312 0.064583
0 0.264062 0.430208 0.056250 0.060417
0 0.068750 0.685417 0.071875 0.079167
0 0.275000 0.676042 0.059375 0.064583
0 0.200781 0.803125 0.051562 0.056250
0 0.471094 0.607292 0.051562 0.068750
0 0.573438 0.611458 0.050000 0.060417
0 0.531250 0.523958 0.059375 0.064583
0 0.461719 0.315625 0.048438 0.068750
0 0.553125 0.321875 0.040625 0.052083
0 0.749219 0.565625 0.051562 0.068750
0 0.774219 0.704167 0.057813 0.050000
0 0.910156 0.741667 0.057813 0.045833
0 0.842187 0.468750 0.050000 0.066667
0 0.961719 0.460417 0.048438 0.054167
0 0.901563 0.106250 0.056250 0.062500