0 0.104688 0.121875 0.040625 0.052083
0 0.232813 0.123958 0.040625 0.052083
0 0.304688 0.251042 0.040625 0.052083
0 0.264062 0.438542 0.040625 0.052083
0 0.065625 0.665625 0.040625 0.052083
0 0.279687 0.680208 0.040625 0.052083
0 0.193750 0.811458 0.040625 0.052083
0 0.460938 0.328125 0.040625 0.052083
0 0.556250 0.321875 0.040625 0.052083
0 0.534375 0.540625 0.040625 0.052083
0 0.467187 0.605208 0.040625 0.052083
0 0.576562 0.621875 0.040625 0.052083
0 0.907813 0.123958 0.040625 0.052083
0 0.962500 0.463542 0.040625 0.052083
0 0.839063 0.467708 0.040625 0.052083
0 0.751563 0.565625 0.040625 0.052083
0 0.768750 0.703125 0.040625 0.052083
0 0.925000 0.734375 0.040625 0.052083