0 0.084375 0.120833 0.034375 0.045833
0 0.221875 0.118750 0.046875 0.045833
0 0.287500 0.259375 0.040625 0.052083
0 0.244531 0.436458 0.042188 0.056250
0 0.267969 0.676042 0.039062 0.056250
0 0.185938 0.810417 0.037500 0.050000
0 0.056250 0.676042 0.043750 0.060417
0 0.447656 0.325000 0.029687 0.062500
0 0.540625 0.323958 0.031250 0.060417
0 0.526563 0.543750 0.031250 0.050000
0 0.565625 0.614583 0.031250 0.045833
0 0.465625 0.611458 0.028125 0.039583
0 0.827344 0.465625 0.032813 0.052083
0 0.742969 0.562500 0.042188 0.058333
0 0.767969 0.693750 0.035937 0.062500
0 0.898438 0.722917 0.046875 0.066667
0 0.950781 0.445833 0.039062 0.066667
0 0.890625 0.105208 0.031250 0.056250