0 0.081250 0.125000 0.043750 0.062500
0 0.219531 0.125000 0.029687 0.045833
0 0.289844 0.262500 0.042188 0.050000
0 0.246875 0.444792 0.034375 0.047917
0 0.055469 0.675000 0.035937 0.054167
0 0.269531 0.683333 0.039062 0.045833
0 0.188281 0.813542 0.032813 0.047917
0 0.466406 0.614583 0.032813 0.045833
0 0.564844 0.619792 0.029687 0.035417
0 0.526563 0.548958 0.034375 0.039583
0 0.450781 0.329167 0.035937 0.033333
0 0.541406 0.333333 0.032813 0.050000
0 0.889062 0.106250 0.040625 0.050000
0 0.953906 0.448958 0.032813 0.039583
0 0.829688 0.466667 0.046875 0.062500
0 0.739844 0.570833 0.045312 0.041667
0 0.764844 0.700000 0.039062 0.037500
0 0.901563 0.733333 0.043750 0.050000