0 0.091406 0.130208 0.032813 0.056250
0 0.222656 0.137500 0.032813 0.050000
0 0.293750 0.268750 0.040625 0.050000
0 0.252344 0.445833 0.039062 0.054167
0 0.271875 0.677083 0.040625 0.062500
0 0.195312 0.812500 0.040625 0.050000
0 0.063281 0.691667 0.039062 0.050000
0 0.469531 0.615625 0.029687 0.043750
0 0.530469 0.547917 0.032813 0.050000
0 0.565625 0.617708 0.028125 0.052083
0 0.450781 0.331250 0.035937 0.045833
0 0.544531 0.329167 0.029687 0.050000
0 0.887500 0.113542 0.028125 0.056250
0 0.948438 0.451042 0.040625 0.052083
0 0.823438 0.464583 0.043750 0.062500
0 0.742969 0.571875 0.039062 0.052083
0 0.767969 0.695833 0.029687 0.054167
0 0.902344 0.723958 0.039062 0.052083