0 0.102344 0.114583 0.032813 0.041667
0 0.230469 0.122917 0.035937 0.041667
0 0.296875 0.255208 0.040625 0.060417
0 0.256250 0.437500 0.040625 0.054167
0 0.066406 0.671875 0.042188 0.056250
0 0.274219 0.678125 0.045312 0.052083
0 0.475781 0.612500 0.045312 0.054167
0 0.528125 0.548958 0.043750 0.043750
0 0.580469 0.614583 0.035937 0.054167
0 0.460938 0.332292 0.046875 0.047917
0 0.550000 0.328125 0.031250 0.047917
0 0.743750 0.569792 0.046875 0.056250
0 0.777344 0.695833 0.039062 0.062500
0 0.910937 0.736458 0.034375 0.052083
0 0.837500 0.466667 0.034375 0.050000
0 0.958594 0.459375 0.035937 0.047917
0 0.907813 0.120833 0.040625 0.045833
0 0.201563 0.796875 0.037500 0.068750