0 0.079687 0.114583 0.034375 0.045833
0 0.220312 0.116667 0.037500 0.045833
0 0.287500 0.261458 0.037500 0.056250
0 0.248438 0.441667 0.040625 0.054167
0 0.267188 0.680208 0.043750 0.056250
0 0.189062 0.814583 0.043750 0.054167
0 0.054688 0.684375 0.053125 0.047917
0 0.465625 0.610417 0.040625 0.041667
0 0.564844 0.615625 0.039062 0.047917
0 0.528125 0.545833 0.034375 0.050000
0 0.447656 0.325000 0.026562 0.045833
0 0.543750 0.329167 0.043750 0.054167
0 0.741406 0.569792 0.032813 0.056250
0 0.764844 0.690625 0.039062 0.060417
0 0.909375 0.733333 0.050000 0.054167
0 0.832031 0.466667 0.035937 0.062500
0 0.950781 0.451042 0.045312 0.060417
0 0.892188 0.107292 0.034375 0.052083