0 0.103125 0.120833 0.040625 0.041667
0 0.232813 0.128125 0.037500 0.043750
0 0.302344 0.258333 0.042188 0.054167
0 0.260937 0.440625 0.040625 0.052083
0 0.276562 0.676042 0.046875 0.064583
0 0.071094 0.676042 0.029687 0.047917
0 0.197656 0.805208 0.035937 0.052083
0 0.463281 0.334375 0.032813 0.047917
0 0.554688 0.336458 0.028125 0.039583
0 0.908594 0.130208 0.035937 0.052083
0 0.536719 0.553125 0.026562 0.043750
0 0.473438 0.618750 0.025000 0.050000
0 0.571094 0.619792 0.032813 0.047917
0 0.964063 0.464583 0.031250 0.050000
0 0.843750 0.478125 0.040625 0.047917
0 0.751563 0.573958 0.037500 0.052083
0 0.775781 0.709375 0.035937 0.052083
0 0.915625 0.742708 0.043750 0.043750