0 0.097656 0.117708 0.029687 0.035417
0 0.228906 0.121875 0.029687 0.035417
0 0.304688 0.264583 0.028125 0.054167
0 0.255469 0.436458 0.035937 0.043750
0 0.068750 0.670833 0.031250 0.050000
0 0.272656 0.679167 0.035937 0.045833
0 0.196094 0.802083 0.032813 0.050000
0 0.471875 0.609375 0.028125 0.039583
0 0.572656 0.616667 0.029687 0.045833
0 0.532813 0.540625 0.034375 0.043750
0 0.464062 0.334375 0.028125 0.043750
0 0.553125 0.332292 0.031250 0.039583
0 0.747656 0.568750 0.032813 0.045833
0 0.777344 0.704167 0.032813 0.050000
0 0.910156 0.735417 0.039062 0.050000
0 0.840625 0.469792 0.040625 0.047917
0 0.961719 0.462500 0.035937 0.041667
0 0.906250 0.119792 0.040625 0.035417