0 0.082812 0.120833 0.034375 0.050000
0 0.217969 0.115625 0.045312 0.043750
0 0.289062 0.263542 0.034375 0.052083
0 0.244531 0.435417 0.039062 0.062500
0 0.265625 0.675000 0.037500 0.062500
0 0.186719 0.806250 0.039062 0.058333
0 0.053906 0.677083 0.051562 0.054167
0 0.446875 0.320833 0.031250 0.054167
0 0.540625 0.319792 0.043750 0.056250
0 0.528906 0.541667 0.035937 0.058333
0 0.567969 0.613542 0.032813 0.043750
0 0.463281 0.607292 0.032813 0.039583
0 0.738281 0.559375 0.048438 0.052083
0 0.766406 0.695833 0.035937 0.066667
0 0.901563 0.727083 0.043750 0.050000
0 0.831250 0.465625 0.034375 0.060417
0 0.951562 0.450000 0.040625 0.054167
0 0.891406 0.107292 0.035937 0.052083