0 0.105469 0.116667 0.032813 0.041667
0 0.230469 0.125000 0.032813 0.045833
0 0.303125 0.264583 0.046875 0.045833
0 0.264062 0.435417 0.040625 0.050000
0 0.275000 0.675000 0.040625 0.050000
0 0.068750 0.677083 0.037500 0.045833
0 0.199219 0.802083 0.035937 0.058333
0 0.475000 0.606250 0.037500 0.054167
0 0.575781 0.616667 0.039062 0.050000
0 0.540625 0.537500 0.034375 0.050000
0 0.460156 0.332292 0.029687 0.043750
0 0.553125 0.333333 0.031250 0.041667
0 0.751563 0.572917 0.046875 0.058333
0 0.774219 0.698958 0.032813 0.056250
0 0.910937 0.741667 0.037500 0.054167
0 0.839844 0.469792 0.042188 0.047917
0 0.959375 0.460417 0.037500 0.050000
0 0.896875 0.118750 0.050000 0.050000