0 0.082031 0.118750 0.039062 0.050000
0 0.219531 0.121875 0.051562 0.056250
0 0.289844 0.254167 0.045312 0.054167
0 0.243750 0.440625 0.037500 0.052083
0 0.267969 0.673958 0.032813 0.047917
0 0.057031 0.677083 0.048438 0.045833
0 0.187500 0.806250 0.040625 0.070833
0 0.464062 0.609375 0.037500 0.043750
0 0.526563 0.540625 0.040625 0.047917
0 0.565625 0.611458 0.025000 0.052083
0 0.446875 0.325000 0.034375 0.045833
0 0.541406 0.320833 0.035937 0.054167
0 0.743750 0.562500 0.065625 0.050000
0 0.831250 0.463542 0.046875 0.047917
0 0.767969 0.693750 0.045312 0.054167
0 0.898438 0.722917 0.046875 0.062500
0 0.953125 0.445833 0.043750 0.045833
0 0.889062 0.107292 0.034375 0.060417