0 0.102344 0.119792 0.023438 0.043750
0 0.235937 0.127083 0.034375 0.037500
0 0.305469 0.267708 0.042188 0.064583
0 0.260156 0.437500 0.026562 0.041667
0 0.067187 0.673958 0.037500 0.043750
0 0.280469 0.679167 0.045312 0.029167
0 0.196875 0.811458 0.018750 0.047917
0 0.462500 0.337500 0.025000 0.050000
0 0.557031 0.337500 0.026562 0.050000
0 0.535937 0.545833 0.028125 0.033333
0 0.475000 0.614583 0.028125 0.037500
0 0.574219 0.629167 0.035937 0.050000
0 0.905469 0.125000 0.026562 0.037500
0 0.964844 0.467708 0.042188 0.052083
0 0.846094 0.473958 0.045312 0.035417
0 0.752344 0.568750 0.039062 0.033333
0 0.775000 0.704167 0.037500 0.037500
0 0.911719 0.747917 0.039062 0.058333