0 0.064062 0.128125 0.034375 0.047917
0 0.196094 0.126042 0.032813 0.047917
0 0.270313 0.262500 0.034375 0.058333
0 0.232813 0.448958 0.037500 0.043750
0 0.050000 0.690625 0.043750 0.056250
0 0.256250 0.683333 0.050000 0.041667
0 0.433594 0.325000 0.039062 0.050000
0 0.525000 0.321875 0.037500 0.056250
0 0.511719 0.535417 0.032813 0.045833
0 0.453125 0.606250 0.037500 0.033333
0 0.552344 0.610417 0.029687 0.050000
0 0.815625 0.450000 0.043750 0.045833
0 0.724219 0.551042 0.045312 0.047917
0 0.753125 0.682292 0.043750 0.047917
0 0.929688 0.432292 0.040625 0.052083
0 0.889844 0.705208 0.048438 0.056250
0 0.859375 0.092708 0.043750 0.043750
0 0.177344 0.807292 0.032813 0.052083