0 0.082031 0.119792 0.035937 0.047917
0 0.219531 0.122917 0.045312 0.045833
0 0.287500 0.260417 0.046875 0.058333
0 0.246094 0.440625 0.035937 0.052083
0 0.053906 0.677083 0.045312 0.054167
0 0.266406 0.678125 0.045312 0.056250
0 0.189844 0.805208 0.035937 0.056250
0 0.465625 0.615625 0.034375 0.039583
0 0.525000 0.541667 0.031250 0.045833
0 0.566406 0.611458 0.032813 0.043750
0 0.448437 0.327083 0.031250 0.041667
0 0.541406 0.326042 0.035937 0.047917
0 0.740625 0.559375 0.034375 0.047917
0 0.829688 0.467708 0.037500 0.060417
0 0.764844 0.690625 0.029687 0.056250
0 0.903906 0.723958 0.039062 0.056250
0 0.952344 0.448958 0.032813 0.060417
0 0.891406 0.109375 0.035937 0.047917