0 0.062500 0.125000 0.025000 0.058333
0 0.197656 0.125000 0.032813 0.045833
0 0.277344 0.261458 0.054688 0.064583
0 0.233594 0.447917 0.048438 0.050000
0 0.257031 0.681250 0.045312 0.050000
0 0.178906 0.810417 0.032813 0.058333
0 0.047656 0.691667 0.054688 0.045833
0 0.453125 0.606250 0.046875 0.054167
0 0.552344 0.605208 0.039062 0.047917
0 0.512500 0.535417 0.028125 0.050000
0 0.748437 0.681250 0.031250 0.045833
0 0.887500 0.706250 0.037500 0.062500
0 0.725781 0.548958 0.042188 0.039583
0 0.806250 0.447917 0.046875 0.058333
0 0.932031 0.432292 0.042188 0.056250
0 0.862500 0.094792 0.037500 0.056250
0 0.428906 0.328125 0.026562 0.043750
0 0.524219 0.319792 0.026562 0.047917