0 0.061719 0.130208 0.042188 0.043750
0 0.196875 0.128125 0.043750 0.060417
0 0.270313 0.262500 0.034375 0.054167
0 0.232031 0.453125 0.035937 0.052083
0 0.039062 0.694792 0.050000 0.035417
0 0.254688 0.687500 0.046875 0.054167
0 0.179688 0.815625 0.043750 0.047917
0 0.430469 0.326042 0.029687 0.056250
0 0.522656 0.319792 0.032813 0.060417
0 0.511719 0.533333 0.045312 0.045833
0 0.456250 0.612500 0.034375 0.045833
0 0.557031 0.608333 0.035937 0.045833
0 0.727344 0.557292 0.039062 0.043750
0 0.749219 0.677083 0.039062 0.058333
0 0.879687 0.705208 0.050000 0.052083
0 0.807031 0.451042 0.042188 0.056250
0 0.928125 0.429167 0.068750 0.054167
0 0.860156 0.100000 0.042188 0.050000