0 0.089063 0.133333 0.040625 0.050000
0 0.225000 0.134375 0.040625 0.043750
0 0.292969 0.268750 0.039062 0.050000
0 0.248438 0.444792 0.040625 0.056250
0 0.062500 0.685417 0.040625 0.054167
0 0.270313 0.681250 0.040625 0.045833
0 0.196094 0.813542 0.035937 0.047917
0 0.450000 0.332292 0.034375 0.043750
0 0.540625 0.326042 0.028125 0.052083
0 0.528125 0.537500 0.034375 0.045833
0 0.471094 0.615625 0.035937 0.039583
0 0.565625 0.615625 0.037500 0.043750
0 0.740625 0.567708 0.034375 0.043750
0 0.831250 0.464583 0.046875 0.037500
0 0.946094 0.446875 0.048438 0.056250
0 0.764062 0.692708 0.037500 0.043750
0 0.903125 0.719792 0.040625 0.064583
0 0.881250 0.112500 0.056250 0.050000