0 0.103906 0.121875 0.051562 0.056250
0 0.225781 0.130208 0.051562 0.056250
0 0.303906 0.251042 0.051562 0.056250
0 0.261719 0.442708 0.051562 0.056250
0 0.067969 0.671875 0.051562 0.056250
0 0.272656 0.676042 0.051562 0.056250
0 0.199219 0.805208 0.051562 0.056250
0 0.455469 0.332292 0.051562 0.056250
0 0.557031 0.328125 0.051562 0.056250
0 0.533594 0.536458 0.051562 0.056250
0 0.466406 0.611458 0.051562 0.056250
0 0.571094 0.611458 0.051562 0.056250
0 0.905469 0.130208 0.051562 0.056250
0 0.966406 0.465625 0.051562 0.056250
0 0.844531 0.463542 0.051562 0.056250
0 0.747656 0.567708 0.051562 0.056250
0 0.771094 0.703125 0.051562 0.056250
0 0.908594 0.732292 0.051562 0.056250