0 0.082812 0.119792 0.037500 0.052083
0 0.219531 0.119792 0.039062 0.047917
0 0.290625 0.261458 0.040625 0.047917
0 0.247656 0.437500 0.035937 0.062500
0 0.055469 0.679167 0.042188 0.045833
0 0.267969 0.679167 0.042188 0.054167
0 0.185938 0.805208 0.043750 0.052083
0 0.464062 0.610417 0.050000 0.041667
0 0.564844 0.610417 0.045312 0.041667
0 0.527344 0.544792 0.042188 0.047917
0 0.450000 0.328125 0.034375 0.052083
0 0.542188 0.325000 0.040625 0.054167
0 0.742969 0.564583 0.042188 0.050000
0 0.765625 0.689583 0.040625 0.058333
0 0.900000 0.729167 0.040625 0.054167
0 0.830469 0.464583 0.045312 0.062500
0 0.953125 0.450000 0.043750 0.050000
0 0.887500 0.103125 0.034375 0.052083