0 0.096875 0.117708 0.031250 0.035417
0 0.233594 0.122917 0.023438 0.041667
0 0.300781 0.262500 0.032813 0.041667
0 0.254688 0.439583 0.031250 0.041667
0 0.068750 0.673958 0.031250 0.039583
0 0.273438 0.680208 0.040625 0.052083
0 0.198437 0.795833 0.028125 0.037500
0 0.457031 0.328125 0.029687 0.047917
0 0.553125 0.331250 0.031250 0.041667
0 0.473438 0.611458 0.028125 0.039583
0 0.532813 0.545833 0.028125 0.037500
0 0.573438 0.621875 0.037500 0.031250
0 0.751563 0.576042 0.031250 0.043750
0 0.780469 0.704167 0.035937 0.041667
0 0.913281 0.736458 0.042188 0.052083
0 0.844531 0.473958 0.039062 0.043750
0 0.958594 0.464583 0.042188 0.041667
0 0.905469 0.119792 0.039062 0.043750