0 0.105469 0.117708 0.042188 0.043750
0 0.232813 0.125000 0.062500 0.054167
0 0.303125 0.270833 0.046875 0.075000
0 0.261719 0.442708 0.035937 0.047917
0 0.278125 0.678125 0.034375 0.056250
0 0.074219 0.677083 0.045312 0.045833
0 0.196094 0.809375 0.020313 0.052083
0 0.462500 0.333333 0.034375 0.041667
0 0.557813 0.338542 0.031250 0.052083
0 0.533594 0.545833 0.017188 0.033333
0 0.471875 0.610417 0.028125 0.033333
0 0.578906 0.622917 0.029687 0.041667
0 0.907031 0.125000 0.032813 0.041667
0 0.969531 0.463542 0.042188 0.039583
0 0.843750 0.472917 0.031250 0.037500
0 0.753125 0.577083 0.043750 0.045833
0 0.777344 0.705208 0.032813 0.039583
0 0.912500 0.743750 0.034375 0.045833