0 0.102344 0.119792 0.029687 0.035417
0 0.233594 0.125000 0.032813 0.045833
0 0.304688 0.267708 0.028125 0.043750
0 0.260937 0.447917 0.037500 0.041667
0 0.272656 0.686458 0.035937 0.052083
0 0.076563 0.679167 0.040625 0.045833
0 0.196875 0.813542 0.025000 0.060417
0 0.464062 0.342708 0.034375 0.077083
0 0.553906 0.329167 0.042188 0.058333
0 0.533594 0.544792 0.032813 0.035417
0 0.473438 0.613542 0.031250 0.043750
0 0.576562 0.622917 0.037500 0.045833
0 0.907031 0.117708 0.035937 0.039583
0 0.961719 0.463542 0.035937 0.035417
0 0.844531 0.480208 0.042188 0.052083
0 0.754687 0.575000 0.037500 0.037500
0 0.780469 0.707292 0.045312 0.056250
0 0.912500 0.744792 0.037500 0.056250