0 0.079687 0.113542 0.040625 0.052083
0 0.219531 0.120833 0.045312 0.050000
0 0.284375 0.255208 0.043750 0.056250
0 0.248438 0.441667 0.046875 0.058333
0 0.267188 0.675000 0.040625 0.058333
0 0.188281 0.806250 0.039062 0.058333
0 0.062500 0.681250 0.053125 0.054167
0 0.455469 0.328125 0.035937 0.052083
0 0.541406 0.322917 0.039062 0.054167
0 0.526563 0.539583 0.034375 0.058333
0 0.464062 0.608333 0.037500 0.054167
0 0.564063 0.607292 0.031250 0.052083
0 0.741406 0.566667 0.048438 0.041667
0 0.767188 0.688542 0.040625 0.072917
0 0.902344 0.721875 0.045312 0.060417
0 0.832031 0.463542 0.048438 0.060417
0 0.946094 0.440625 0.054688 0.060417