0 0.101562 0.118750 0.037500 0.033333
0 0.232031 0.125000 0.035937 0.041667
0 0.298438 0.250000 0.034375 0.054167
0 0.257031 0.436458 0.032813 0.047917
0 0.071875 0.669792 0.043750 0.052083
0 0.274219 0.685417 0.032813 0.037500
0 0.196094 0.796875 0.032813 0.052083
0 0.470313 0.612500 0.031250 0.050000
0 0.566406 0.616667 0.039062 0.037500
0 0.531250 0.539583 0.034375 0.050000
0 0.465625 0.330208 0.037500 0.060417
0 0.554688 0.329167 0.028125 0.050000
0 0.903906 0.115625 0.032813 0.043750
0 0.838281 0.468750 0.035937 0.041667
0 0.962500 0.459375 0.040625 0.043750
0 0.749219 0.565625 0.039062 0.052083
0 0.773438 0.698958 0.040625 0.052083
0 0.909375 0.734375 0.037500 0.052083