0 0.060937 0.126042 0.021875 0.043750
0 0.201563 0.131250 0.031250 0.045833
0 0.267188 0.266667 0.050000 0.050000
0 0.232031 0.448958 0.048438 0.060417
0 0.045312 0.693750 0.025000 0.041667
0 0.177344 0.814583 0.029687 0.050000
0 0.257031 0.687500 0.039062 0.050000
0 0.449219 0.609375 0.035937 0.031250
0 0.513281 0.537500 0.032813 0.037500
0 0.554688 0.609375 0.028125 0.035417
0 0.431250 0.331250 0.034375 0.041667
0 0.527344 0.326042 0.032813 0.052083
0 0.720313 0.557292 0.034375 0.043750
0 0.749219 0.684375 0.032813 0.056250
0 0.883594 0.704167 0.035937 0.054167
0 0.806250 0.454167 0.037500 0.062500
0 0.926562 0.439583 0.034375 0.041667
0 0.863281 0.102083 0.039062 0.041667