0 0.096875 0.114583 0.028125 0.037500
0 0.234375 0.120833 0.034375 0.033333
0 0.304688 0.262500 0.034375 0.041667
0 0.255469 0.439583 0.035937 0.041667
0 0.273438 0.673958 0.031250 0.047917
0 0.067969 0.668750 0.035937 0.041667
0 0.200000 0.800000 0.034375 0.041667
0 0.469531 0.608333 0.032813 0.037500
0 0.574219 0.614583 0.032813 0.033333
0 0.529687 0.544792 0.034375 0.027083
0 0.457813 0.328125 0.031250 0.039583
0 0.547656 0.328125 0.032813 0.039583
0 0.776563 0.697917 0.031250 0.037500
0 0.905469 0.736458 0.032813 0.039583
0 0.749219 0.575000 0.026562 0.045833
0 0.847656 0.473958 0.039062 0.039583
0 0.959375 0.465625 0.040625 0.039583
0 0.903125 0.123958 0.037500 0.035417