0 0.107813 0.127083 0.040625 0.050000
0 0.235937 0.129167 0.034375 0.045833
0 0.303906 0.262500 0.039062 0.054167
0 0.263281 0.441667 0.045312 0.054167
0 0.069531 0.673958 0.026562 0.043750
0 0.275000 0.677083 0.034375 0.045833
0 0.462500 0.341667 0.034375 0.054167
0 0.553906 0.330208 0.023438 0.039583
0 0.530469 0.544792 0.035937 0.031250
0 0.475000 0.612500 0.018750 0.029167
0 0.575781 0.621875 0.023438 0.031250
0 0.906250 0.117708 0.028125 0.043750
0 0.967969 0.466667 0.039062 0.054167
0 0.840625 0.478125 0.028125 0.047917
0 0.757031 0.575000 0.045312 0.037500
0 0.775781 0.703125 0.042188 0.039583
0 0.910156 0.741667 0.026562 0.045833
0 0.198437 0.805208 0.025000 0.047917