0 0.100781 0.118750 0.039062 0.041667
0 0.242188 0.118750 0.046875 0.054167
0 0.300000 0.250000 0.053125 0.066667
0 0.255469 0.442708 0.064062 0.060417
0 0.278125 0.662500 0.046875 0.070833
0 0.065625 0.662500 0.043750 0.054167
0 0.198437 0.800000 0.053125 0.066667
0 0.475781 0.605208 0.048438 0.047917
0 0.569531 0.607292 0.042188 0.056250
0 0.527344 0.540625 0.064062 0.052083
0 0.462500 0.325000 0.043750 0.050000
0 0.556250 0.320833 0.037500 0.058333
0 0.750781 0.564583 0.057813 0.079167
0 0.782031 0.704167 0.039062 0.075000
0 0.912500 0.739583 0.053125 0.054167
0 0.834375 0.470833 0.053125 0.045833
0 0.956250 0.448958 0.056250 0.060417
0 0.904687 0.118750 0.056250 0.050000