0 0.058594 0.123958 0.035937 0.052083
0 0.197656 0.130208 0.032813 0.052083
0 0.271094 0.263542 0.048438 0.056250
0 0.229687 0.443750 0.043750 0.058333
0 0.256250 0.678125 0.043750 0.064583
0 0.182031 0.810417 0.048438 0.058333
0 0.042188 0.691667 0.040625 0.058333
0 0.455469 0.608333 0.035937 0.037500
0 0.510938 0.532292 0.031250 0.043750
0 0.552344 0.608333 0.023438 0.058333
0 0.432031 0.323958 0.035937 0.039583
0 0.520312 0.317708 0.028125 0.052083
0 0.885156 0.706250 0.035937 0.050000
0 0.751563 0.682292 0.040625 0.043750
0 0.725000 0.552083 0.050000 0.054167
0 0.810937 0.450000 0.040625 0.045833
0 0.926562 0.440625 0.046875 0.064583
0 0.860156 0.095833 0.045312 0.045833