0 0.102344 0.118750 0.045312 0.054167
0 0.234375 0.128125 0.043750 0.047917
0 0.303125 0.266667 0.037500 0.058333
0 0.256250 0.438542 0.031250 0.043750
0 0.278125 0.679167 0.050000 0.058333
0 0.068750 0.671875 0.043750 0.060417
0 0.461719 0.335417 0.026562 0.045833
0 0.554688 0.335417 0.037500 0.050000
0 0.534375 0.544792 0.025000 0.039583
0 0.475000 0.613542 0.025000 0.047917
0 0.574219 0.618750 0.023438 0.037500
0 0.908594 0.117708 0.029687 0.043750
0 0.965625 0.469792 0.040625 0.052083
0 0.840625 0.476042 0.037500 0.043750
0 0.748437 0.576042 0.034375 0.039583
0 0.777344 0.708333 0.029687 0.050000
0 0.911719 0.736458 0.029687 0.043750
0 0.195312 0.809375 0.025000 0.052083