0 0.085938 0.125000 0.031250 0.050000
0 0.218750 0.121875 0.043750 0.056250
0 0.290625 0.261458 0.043750 0.056250
0 0.250000 0.443750 0.037500 0.062500
0 0.278125 0.675000 0.046875 0.062500
0 0.062500 0.686458 0.037500 0.056250
0 0.192969 0.800000 0.042188 0.062500
0 0.467969 0.612500 0.039062 0.050000
0 0.567969 0.612500 0.035937 0.054167
0 0.525000 0.541667 0.034375 0.058333
0 0.446875 0.331250 0.037500 0.050000
0 0.546875 0.337500 0.034375 0.062500
0 0.771094 0.694792 0.039062 0.047917
0 0.749219 0.561458 0.045312 0.043750
0 0.831250 0.464583 0.053125 0.062500
0 0.889844 0.111458 0.039062 0.056250
0 0.950000 0.440625 0.034375 0.068750
0 0.901563 0.722917 0.037500 0.058333