0 0.082031 0.117708 0.032813 0.043750
0 0.217969 0.123958 0.032813 0.052083
0 0.289062 0.266667 0.034375 0.050000
0 0.246094 0.439583 0.051562 0.050000
0 0.264062 0.676042 0.040625 0.052083
0 0.189062 0.806250 0.043750 0.054167
0 0.054688 0.679167 0.034375 0.037500
0 0.464062 0.606250 0.037500 0.041667
0 0.526563 0.539583 0.028125 0.045833
0 0.564063 0.608333 0.031250 0.045833
0 0.446875 0.329167 0.034375 0.041667
0 0.540625 0.316667 0.043750 0.062500
0 0.739062 0.566667 0.037500 0.070833
0 0.764844 0.687500 0.035937 0.058333
0 0.900781 0.727083 0.039062 0.054167
0 0.830469 0.465625 0.039062 0.052083
0 0.951562 0.447917 0.046875 0.054167
0 0.889062 0.107292 0.043750 0.052083