0 0.099219 0.113542 0.035937 0.043750
0 0.233594 0.116667 0.032813 0.029167
0 0.306250 0.263542 0.031250 0.056250
0 0.262500 0.439583 0.046875 0.062500
0 0.067187 0.668750 0.034375 0.041667
0 0.275000 0.677083 0.040625 0.050000
0 0.198437 0.798958 0.034375 0.047917
0 0.474219 0.612500 0.026562 0.050000
0 0.574219 0.619792 0.023438 0.056250
0 0.537500 0.542708 0.034375 0.047917
0 0.460156 0.328125 0.035937 0.043750
0 0.555469 0.328125 0.035937 0.035417
0 0.909375 0.112500 0.037500 0.037500
0 0.960156 0.457292 0.039062 0.047917
0 0.835938 0.468750 0.034375 0.037500
0 0.750000 0.579167 0.034375 0.058333
0 0.774219 0.700000 0.032813 0.041667
0 0.910937 0.738542 0.034375 0.043750