0 0.103125 0.121875 0.031250 0.047917
0 0.234375 0.128125 0.037500 0.047917
0 0.304688 0.263542 0.034375 0.043750
0 0.257812 0.442708 0.037500 0.052083
0 0.067969 0.672917 0.032813 0.041667
0 0.272656 0.675000 0.039062 0.054167
0 0.469531 0.339583 0.051562 0.062500
0 0.554688 0.342708 0.034375 0.064583
0 0.537500 0.550000 0.043750 0.058333
0 0.473438 0.616667 0.040625 0.041667
0 0.571094 0.617708 0.032813 0.039583
0 0.915625 0.120833 0.046875 0.050000
0 0.967969 0.467708 0.042188 0.039583
0 0.842187 0.471875 0.031250 0.047917
0 0.750781 0.572917 0.026562 0.054167
0 0.778125 0.707292 0.031250 0.043750
0 0.916406 0.744792 0.039062 0.064583
0 0.196094 0.805208 0.035937 0.068750