0 0.064062 0.122917 0.034375 0.045833
0 0.197656 0.129167 0.035937 0.054167
0 0.271094 0.261458 0.035937 0.060417
0 0.233594 0.445833 0.032813 0.054167
0 0.257812 0.685417 0.037500 0.058333
0 0.180469 0.810417 0.039062 0.058333
0 0.042188 0.688542 0.037500 0.047917
0 0.435156 0.323958 0.045312 0.047917
0 0.524219 0.317708 0.029687 0.043750
0 0.513281 0.533333 0.029687 0.037500
0 0.453125 0.606250 0.028125 0.050000
0 0.553125 0.604167 0.028125 0.045833
0 0.750000 0.682292 0.043750 0.052083
0 0.733594 0.557292 0.051562 0.043750
0 0.893750 0.711458 0.053125 0.056250
0 0.811719 0.452083 0.035937 0.054167
0 0.925000 0.433333 0.037500 0.050000
0 0.867188 0.092708 0.040625 0.052083