0 0.098437 0.118750 0.025000 0.037500
0 0.232031 0.126042 0.029687 0.039583
0 0.301563 0.266667 0.025000 0.050000
0 0.260156 0.439583 0.032813 0.045833
0 0.275000 0.679167 0.034375 0.037500
0 0.069531 0.671875 0.039062 0.047917
0 0.459375 0.334375 0.018750 0.039583
0 0.555469 0.325000 0.029687 0.037500
0 0.535156 0.546875 0.023438 0.031250
0 0.474219 0.613542 0.026562 0.027083
0 0.573438 0.623958 0.028125 0.035417
0 0.907031 0.123958 0.026562 0.039583
0 0.960938 0.460417 0.037500 0.037500
0 0.839844 0.479167 0.032813 0.033333
0 0.750000 0.568750 0.034375 0.033333
0 0.774219 0.708333 0.035937 0.041667
0 0.907031 0.737500 0.035937 0.045833
0 0.198437 0.806250 0.025000 0.050000