0 0.087500 0.128125 0.043750 0.052083
0 0.221875 0.131250 0.037500 0.050000
0 0.286719 0.263542 0.048438 0.056250
0 0.250000 0.451042 0.046875 0.056250
0 0.264844 0.682292 0.051562 0.056250
0 0.063281 0.689583 0.054688 0.058333
0 0.195312 0.811458 0.050000 0.056250
0 0.473438 0.611458 0.046875 0.052083
0 0.452344 0.331250 0.042188 0.058333
0 0.539844 0.326042 0.051562 0.060417
0 0.525781 0.539583 0.039062 0.050000
0 0.565625 0.611458 0.034375 0.052083
0 0.884375 0.105208 0.037500 0.056250
0 0.943750 0.443750 0.043750 0.070833
0 0.828906 0.458333 0.032813 0.058333
0 0.743750 0.567708 0.053125 0.056250
0 0.767969 0.697917 0.039062 0.062500
0 0.903906 0.718750 0.029687 0.062500