0 0.064844 0.126042 0.039062 0.047917
0 0.205469 0.128125 0.060937 0.043750
0 0.273438 0.268750 0.040625 0.050000
0 0.237500 0.451042 0.053125 0.060417
0 0.257031 0.678125 0.045312 0.072917
0 0.049219 0.693750 0.048438 0.050000
0 0.182031 0.817708 0.051562 0.064583
0 0.452344 0.604167 0.039062 0.045833
0 0.511719 0.529167 0.029687 0.054167
0 0.555469 0.613542 0.051562 0.039583
0 0.434375 0.332292 0.040625 0.056250
0 0.525000 0.325000 0.040625 0.066667
0 0.723437 0.558333 0.046875 0.058333
0 0.751563 0.680208 0.043750 0.052083
0 0.889062 0.707292 0.034375 0.068750
0 0.809375 0.455208 0.056250 0.056250
0 0.926562 0.437500 0.028125 0.054167
0 0.864844 0.100000 0.039062 0.054167