0 0.085156 0.118750 0.039062 0.054167
0 0.216406 0.122917 0.042188 0.045833
0 0.287500 0.258333 0.043750 0.054167
0 0.246875 0.438542 0.043750 0.060417
0 0.264062 0.675000 0.037500 0.050000
0 0.190625 0.807292 0.037500 0.060417
0 0.055469 0.677083 0.039062 0.054167
0 0.447656 0.325000 0.039062 0.054167
0 0.540625 0.325000 0.043750 0.058333
0 0.526563 0.537500 0.037500 0.062500
0 0.466406 0.610417 0.032813 0.054167
0 0.566406 0.614583 0.039062 0.054167
0 0.739844 0.562500 0.045312 0.045833
0 0.764844 0.689583 0.039062 0.050000
0 0.900781 0.723958 0.039062 0.060417
0 0.828906 0.463542 0.039062 0.047917
0 0.949219 0.448958 0.042188 0.052083
0 0.887500 0.109375 0.040625 0.060417