0 0.089844 0.132292 0.032813 0.052083
0 0.223438 0.134375 0.034375 0.043750
0 0.292969 0.268750 0.042188 0.050000
0 0.252344 0.452083 0.035937 0.054167
0 0.271875 0.681250 0.037500 0.054167
0 0.067969 0.689583 0.048438 0.045833
0 0.200000 0.809375 0.034375 0.060417
0 0.471875 0.618750 0.037500 0.045833
0 0.571094 0.618750 0.029687 0.050000
0 0.526563 0.541667 0.034375 0.045833
0 0.449219 0.332292 0.029687 0.047917
0 0.542969 0.332292 0.032813 0.052083
0 0.885156 0.110417 0.035937 0.054167
0 0.946094 0.448958 0.042188 0.052083
0 0.825781 0.470833 0.051562 0.062500
0 0.742188 0.565625 0.046875 0.056250
0 0.764844 0.692708 0.035937 0.052083
0 0.899219 0.726042 0.039062 0.039583