0 0.092188 0.131250 0.037500 0.054167
0 0.221875 0.131250 0.037500 0.050000
0 0.293750 0.268750 0.046875 0.045833
0 0.253125 0.445833 0.037500 0.050000
0 0.273438 0.682292 0.046875 0.052083
0 0.062500 0.681250 0.037500 0.058333
0 0.193750 0.806250 0.028125 0.062500
0 0.453125 0.333333 0.043750 0.050000
0 0.542969 0.328125 0.029687 0.043750
0 0.528125 0.543750 0.028125 0.050000
0 0.471094 0.612500 0.035937 0.054167
0 0.565625 0.617708 0.031250 0.056250
0 0.742188 0.566667 0.034375 0.050000
0 0.765625 0.690625 0.037500 0.052083
0 0.903125 0.718750 0.043750 0.062500
0 0.943750 0.451042 0.040625 0.052083
0 0.828125 0.466667 0.037500 0.054167
0 0.884375 0.112500 0.034375 0.041667