0 0.100781 0.112500 0.035937 0.045833
0 0.233594 0.126042 0.035937 0.039583
0 0.301563 0.260417 0.040625 0.054167
0 0.254688 0.434375 0.046875 0.056250
0 0.273438 0.676042 0.043750 0.060417
0 0.191406 0.795833 0.045312 0.070833
0 0.071094 0.667708 0.039062 0.052083
0 0.460156 0.329167 0.032813 0.041667
0 0.553906 0.328125 0.032813 0.043750
0 0.535156 0.543750 0.032813 0.041667
0 0.474219 0.604167 0.029687 0.054167
0 0.572656 0.618750 0.029687 0.041667
0 0.750781 0.566667 0.042188 0.050000
0 0.776563 0.701042 0.040625 0.056250
0 0.908594 0.733333 0.042188 0.058333
0 0.842187 0.471875 0.037500 0.052083
0 0.957031 0.460417 0.042188 0.045833
0 0.907813 0.116667 0.040625 0.045833