0 0.101562 0.122917 0.034375 0.050000
0 0.234375 0.129167 0.034375 0.041667
0 0.303906 0.259375 0.026562 0.047917
0 0.256250 0.438542 0.037500 0.039583
0 0.275000 0.671875 0.021875 0.031250
0 0.070312 0.672917 0.025000 0.037500
0 0.194531 0.805208 0.020313 0.039583
0 0.457813 0.334375 0.021875 0.035417
0 0.553125 0.334375 0.018750 0.043750
0 0.531250 0.546875 0.025000 0.027083
0 0.476562 0.610417 0.025000 0.033333
0 0.575000 0.620833 0.018750 0.029167
0 0.906250 0.126042 0.028125 0.031250
0 0.960156 0.467708 0.029687 0.039583
0 0.839063 0.473958 0.028125 0.027083
0 0.750781 0.571875 0.017188 0.027083
0 0.775000 0.710417 0.025000 0.025000
0 0.913281 0.742708 0.023438 0.031250