0 0.099219 0.119792 0.029687 0.043750
0 0.230469 0.127083 0.035937 0.050000
0 0.309375 0.266667 0.056250 0.066667
0 0.256250 0.440625 0.031250 0.043750
0 0.276562 0.677083 0.040625 0.029167
0 0.071094 0.673958 0.032813 0.047917
0 0.192969 0.801042 0.023438 0.052083
0 0.460156 0.336458 0.020313 0.043750
0 0.558594 0.339583 0.035937 0.062500
0 0.534375 0.546875 0.031250 0.031250
0 0.474219 0.616667 0.023438 0.037500
0 0.575000 0.622917 0.021875 0.033333
0 0.910937 0.127083 0.028125 0.041667
0 0.840625 0.475000 0.028125 0.033333
0 0.961719 0.459375 0.029687 0.047917
0 0.748437 0.576042 0.028125 0.056250
0 0.777344 0.708333 0.029687 0.045833
0 0.914062 0.741667 0.037500 0.054167