0 0.102344 0.113542 0.035937 0.047917
0 0.235156 0.117708 0.039062 0.047917
0 0.303906 0.257292 0.042188 0.052083
0 0.260156 0.437500 0.042188 0.066667
0 0.062500 0.671875 0.034375 0.060417
0 0.275781 0.672917 0.039062 0.062500
0 0.194531 0.800000 0.032813 0.054167
0 0.458594 0.327083 0.029687 0.054167
0 0.557813 0.332292 0.028125 0.039583
0 0.533594 0.540625 0.020313 0.043750
0 0.475000 0.615625 0.031250 0.052083
0 0.577344 0.621875 0.026562 0.056250
0 0.907813 0.115625 0.031250 0.047917
0 0.962500 0.459375 0.031250 0.043750
0 0.839063 0.470833 0.031250 0.050000
0 0.748437 0.576042 0.031250 0.043750
0 0.770312 0.705208 0.034375 0.052083
0 0.910156 0.739583 0.032813 0.062500