0 0.100000 0.116667 0.031250 0.045833
0 0.237500 0.129167 0.034375 0.045833
0 0.299219 0.265625 0.032813 0.052083
0 0.263281 0.445833 0.042188 0.050000
0 0.273438 0.683333 0.028125 0.050000
0 0.069531 0.679167 0.026562 0.058333
0 0.193750 0.806250 0.025000 0.050000
0 0.463281 0.336458 0.026562 0.056250
0 0.551562 0.335417 0.021875 0.058333
0 0.536719 0.542708 0.042188 0.039583
0 0.473438 0.611458 0.043750 0.035417
0 0.577344 0.622917 0.039062 0.041667
0 0.903906 0.126042 0.029687 0.047917
0 0.963281 0.464583 0.039062 0.062500
0 0.847656 0.477083 0.048438 0.045833
0 0.750000 0.571875 0.037500 0.043750
0 0.778125 0.703125 0.043750 0.043750
0 0.909375 0.742708 0.031250 0.052083