0 0.097656 0.115625 0.032813 0.035417
0 0.235156 0.123958 0.035937 0.039583
0 0.305469 0.263542 0.045312 0.043750
0 0.254688 0.438542 0.037500 0.039583
0 0.274219 0.676042 0.035937 0.052083
0 0.065625 0.671875 0.037500 0.047917
0 0.199219 0.803125 0.032813 0.039583
0 0.475000 0.611458 0.034375 0.039583
0 0.571094 0.616667 0.029687 0.045833
0 0.539062 0.547917 0.040625 0.041667
0 0.464844 0.331250 0.039062 0.041667
0 0.549219 0.331250 0.039062 0.050000
0 0.773438 0.702083 0.034375 0.045833
0 0.749219 0.571875 0.032813 0.043750
0 0.907813 0.738542 0.034375 0.043750
0 0.839844 0.470833 0.032813 0.050000
0 0.962500 0.463542 0.034375 0.047917
0 0.904687 0.118750 0.037500 0.033333