0 0.079687 0.117708 0.040625 0.043750
0 0.217188 0.120833 0.040625 0.041667
0 0.289062 0.256250 0.043750 0.058333
0 0.244531 0.438542 0.042188 0.060417
0 0.264844 0.677083 0.039062 0.058333
0 0.186719 0.807292 0.045312 0.052083
0 0.055469 0.678125 0.048438 0.052083
0 0.464062 0.610417 0.040625 0.041667
0 0.525000 0.539583 0.040625 0.045833
0 0.561719 0.611458 0.035937 0.052083
0 0.446875 0.325000 0.037500 0.054167
0 0.540625 0.323958 0.040625 0.047917
0 0.737500 0.561458 0.037500 0.047917
0 0.760156 0.689583 0.045312 0.058333
0 0.900000 0.726042 0.040625 0.060417
0 0.825000 0.462500 0.037500 0.070833
0 0.947656 0.445833 0.039062 0.045833
0 0.890625 0.110417 0.043750 0.066667