0 0.103125 0.114583 0.040625 0.050000
0 0.232813 0.120833 0.040625 0.050000
0 0.298438 0.254167 0.040625 0.050000
0 0.262500 0.437500 0.040625 0.050000
0 0.068750 0.675000 0.040625 0.050000
0 0.278125 0.672917 0.040625 0.050000
0 0.196875 0.812500 0.040625 0.050000
0 0.459375 0.329167 0.040625 0.050000
0 0.559375 0.333333 0.040625 0.050000
0 0.473438 0.602083 0.040625 0.050000
0 0.542188 0.541667 0.040625 0.050000
0 0.570312 0.625000 0.040625 0.050000
0 0.907813 0.114583 0.040625 0.050000
0 0.968750 0.454167 0.040625 0.050000
0 0.846875 0.475000 0.040625 0.050000
0 0.746875 0.560417 0.040625 0.050000
0 0.776563 0.695833 0.040625 0.050000
0 0.915625 0.743750 0.040625 0.050000