0 0.102344 0.122917 0.045312 0.054167
0 0.236719 0.127083 0.057813 0.041667
0 0.303906 0.262500 0.039062 0.054167
0 0.264844 0.445833 0.045312 0.058333
0 0.277344 0.682292 0.039062 0.047917
0 0.071875 0.675000 0.046875 0.058333
0 0.196094 0.811458 0.035937 0.060417
0 0.463281 0.341667 0.035937 0.058333
0 0.555469 0.334375 0.042188 0.056250
0 0.532813 0.543750 0.031250 0.041667
0 0.475000 0.615625 0.031250 0.047917
0 0.575781 0.622917 0.029687 0.058333
0 0.908594 0.120833 0.035937 0.033333
0 0.965625 0.468750 0.031250 0.050000
0 0.839844 0.480208 0.045312 0.064583
0 0.747656 0.572917 0.035937 0.050000
0 0.773438 0.707292 0.025000 0.043750
0 0.909375 0.740625 0.037500 0.052083