0 0.101562 0.118750 0.015625 0.029167
0 0.233594 0.128125 0.020313 0.035417
0 0.303125 0.262500 0.021875 0.033333
0 0.261719 0.445833 0.026562 0.041667
0 0.064062 0.670833 0.025000 0.029167
0 0.277344 0.678125 0.026562 0.035417
0 0.196875 0.809375 0.018750 0.047917
0 0.462500 0.334375 0.015625 0.035417
0 0.551562 0.328125 0.021875 0.031250
0 0.536719 0.550000 0.017188 0.029167
0 0.476562 0.618750 0.031250 0.037500
0 0.575000 0.622917 0.015625 0.033333
0 0.907031 0.121875 0.026562 0.039583
0 0.964063 0.461458 0.028125 0.039583
0 0.839844 0.477083 0.023438 0.033333
0 0.747656 0.573958 0.023438 0.035417
0 0.778906 0.701042 0.029687 0.027083
0 0.916406 0.744792 0.029687 0.039583