0 0.088281 0.122917 0.035937 0.045833
0 0.220312 0.131250 0.043750 0.050000
0 0.291406 0.268750 0.039062 0.062500
0 0.246875 0.448958 0.050000 0.043750
0 0.060156 0.690625 0.051562 0.068750
0 0.188281 0.814583 0.032813 0.058333
0 0.264844 0.684375 0.042188 0.068750
0 0.465625 0.617708 0.034375 0.043750
0 0.564844 0.615625 0.029687 0.039583
0 0.527344 0.545833 0.035937 0.037500
0 0.449219 0.329167 0.039062 0.054167
0 0.539062 0.326042 0.034375 0.043750
0 0.742969 0.566667 0.029687 0.037500
0 0.829688 0.464583 0.040625 0.045833
0 0.766406 0.693750 0.035937 0.041667
0 0.903906 0.730208 0.039062 0.047917
0 0.951562 0.448958 0.040625 0.039583
0 0.893750 0.114583 0.046875 0.037500