0 0.060156 0.126042 0.032813 0.056250
0 0.196094 0.131250 0.029687 0.045833
0 0.267969 0.262500 0.042188 0.062500
0 0.226562 0.444792 0.046875 0.052083
0 0.254688 0.683333 0.037500 0.054167
0 0.175781 0.814583 0.057813 0.058333
0 0.044531 0.694792 0.035937 0.052083
0 0.450781 0.607292 0.035937 0.052083
0 0.549219 0.609375 0.026562 0.052083
0 0.509375 0.531250 0.037500 0.050000
0 0.749219 0.679167 0.042188 0.050000
0 0.722656 0.557292 0.042188 0.056250
0 0.883594 0.706250 0.039062 0.066667
0 0.810937 0.450000 0.053125 0.062500
0 0.925000 0.435417 0.040625 0.058333
0 0.865625 0.096875 0.046875 0.056250
0 0.428906 0.326042 0.035937 0.047917
0 0.520312 0.319792 0.034375 0.052083