0 0.102344 0.118750 0.032813 0.054167
0 0.225781 0.127083 0.039062 0.037500
0 0.301563 0.255208 0.040625 0.052083
0 0.257812 0.437500 0.040625 0.054167
0 0.272656 0.672917 0.039062 0.058333
0 0.073438 0.668750 0.040625 0.058333
0 0.194531 0.800000 0.035937 0.050000
0 0.473438 0.616667 0.043750 0.050000
0 0.575781 0.618750 0.035937 0.037500
0 0.544531 0.546875 0.051562 0.056250
0 0.461719 0.331250 0.035937 0.050000
0 0.551562 0.335417 0.037500 0.045833
0 0.748437 0.567708 0.037500 0.052083
0 0.771875 0.706250 0.040625 0.050000
0 0.905469 0.732292 0.035937 0.056250
0 0.833594 0.471875 0.054688 0.052083
0 0.960938 0.458333 0.037500 0.045833
0 0.900000 0.110417 0.043750 0.045833