0 0.090625 0.135417 0.034375 0.058333
0 0.222656 0.136458 0.035937 0.043750
0 0.292969 0.266667 0.039062 0.054167
0 0.253125 0.445833 0.037500 0.058333
0 0.061719 0.683333 0.029687 0.054167
0 0.274219 0.684375 0.039062 0.043750
0 0.198437 0.812500 0.037500 0.045833
0 0.452344 0.336458 0.035937 0.047917
0 0.549219 0.335417 0.039062 0.062500
0 0.528906 0.545833 0.026562 0.045833
0 0.571875 0.621875 0.034375 0.052083
0 0.467969 0.617708 0.035937 0.060417
0 0.767969 0.701042 0.032813 0.052083
0 0.740625 0.571875 0.028125 0.056250
0 0.825000 0.468750 0.043750 0.058333
0 0.901563 0.719792 0.037500 0.056250
0 0.947656 0.455208 0.042188 0.052083
0 0.885938 0.118750 0.034375 0.058333