0 0.082031 0.117708 0.045312 0.047917
0 0.216406 0.118750 0.035937 0.037500
0 0.288281 0.259375 0.032813 0.056250
0 0.245312 0.441667 0.046875 0.050000
0 0.264844 0.677083 0.035937 0.050000
0 0.188281 0.803125 0.032813 0.060417
0 0.060937 0.677083 0.050000 0.050000
0 0.464844 0.610417 0.039062 0.037500
0 0.522656 0.537500 0.032813 0.050000
0 0.563281 0.606250 0.029687 0.050000
0 0.446875 0.326042 0.031250 0.047917
0 0.539844 0.321875 0.042188 0.052083
0 0.739844 0.566667 0.042188 0.041667
0 0.764844 0.693750 0.032813 0.058333
0 0.903125 0.728125 0.037500 0.056250
0 0.829688 0.464583 0.034375 0.054167
0 0.950000 0.450000 0.043750 0.054167
0 0.892188 0.104167 0.043750 0.045833