0 0.084375 0.116667 0.043750 0.045833
0 0.221875 0.118750 0.056250 0.037500
0 0.291406 0.258333 0.039062 0.062500
0 0.246875 0.442708 0.040625 0.056250
0 0.264062 0.678125 0.053125 0.056250
0 0.185938 0.811458 0.040625 0.047917
0 0.053906 0.683333 0.035937 0.045833
0 0.447656 0.329167 0.029687 0.050000
0 0.545312 0.328125 0.034375 0.043750
0 0.527344 0.541667 0.029687 0.045833
0 0.567969 0.621875 0.032813 0.047917
0 0.465625 0.615625 0.031250 0.068750
0 0.741406 0.567708 0.039062 0.047917
0 0.765625 0.696875 0.040625 0.052083
0 0.907031 0.734375 0.045312 0.056250
0 0.832031 0.472917 0.042188 0.062500
0 0.949219 0.451042 0.048438 0.056250
0 0.890625 0.112500 0.034375 0.050000