0 0.082031 0.120833 0.032813 0.050000
0 0.216406 0.119792 0.042188 0.039583
0 0.286719 0.255208 0.039062 0.056250
0 0.246875 0.439583 0.040625 0.054167
0 0.266406 0.675000 0.035937 0.050000
0 0.189062 0.806250 0.037500 0.058333
0 0.054688 0.677083 0.034375 0.045833
0 0.447656 0.327083 0.035937 0.037500
0 0.542188 0.325000 0.037500 0.050000
0 0.528906 0.537500 0.035937 0.037500
0 0.564844 0.610417 0.032813 0.033333
0 0.465625 0.608333 0.034375 0.045833
0 0.740625 0.563542 0.037500 0.035417
0 0.766406 0.692708 0.035937 0.052083
0 0.900781 0.728125 0.029687 0.056250
0 0.829688 0.463542 0.031250 0.047917
0 0.950781 0.445833 0.039062 0.058333
0 0.891406 0.110417 0.039062 0.058333