0 0.100781 0.116667 0.029687 0.037500
0 0.228125 0.125000 0.040625 0.029167
0 0.302344 0.261458 0.039062 0.039583
0 0.261719 0.445833 0.032813 0.045833
0 0.276562 0.683333 0.031250 0.037500
0 0.067187 0.679167 0.031250 0.041667
0 0.196875 0.808333 0.031250 0.045833
0 0.472656 0.605208 0.026562 0.043750
0 0.574219 0.619792 0.026562 0.043750
0 0.539062 0.545833 0.028125 0.029167
0 0.460156 0.332292 0.029687 0.039583
0 0.552344 0.331250 0.029687 0.037500
0 0.751563 0.571875 0.028125 0.043750
0 0.775000 0.706250 0.034375 0.037500
0 0.912500 0.744792 0.037500 0.039583
0 0.843750 0.477083 0.031250 0.041667
0 0.964844 0.467708 0.032813 0.031250
0 0.903906 0.115625 0.032813 0.031250