0 0.060156 0.128125 0.029687 0.052083
0 0.197656 0.128125 0.026562 0.052083
0 0.271875 0.265625 0.046875 0.064583
0 0.234375 0.456250 0.040625 0.066667
0 0.252344 0.685417 0.060937 0.058333
0 0.044531 0.694792 0.048438 0.052083
0 0.182031 0.813542 0.045312 0.052083
0 0.450000 0.605208 0.028125 0.056250
0 0.510156 0.538542 0.039062 0.047917
0 0.550781 0.606250 0.035937 0.066667
0 0.747656 0.685417 0.042188 0.050000
0 0.725781 0.557292 0.039062 0.052083
0 0.812500 0.458333 0.050000 0.062500
0 0.882812 0.708333 0.034375 0.062500
0 0.919531 0.429167 0.054688 0.075000
0 0.860156 0.097917 0.039062 0.050000
0 0.433594 0.328125 0.039062 0.043750
0 0.523438 0.327083 0.034375 0.045833