0 0.082031 0.120833 0.032813 0.041667
0 0.217188 0.117708 0.046875 0.047917
0 0.289062 0.259375 0.043750 0.060417
0 0.246875 0.440625 0.043750 0.056250
0 0.267188 0.680208 0.043750 0.064583
0 0.186719 0.808333 0.045312 0.054167
0 0.055469 0.678125 0.048438 0.056250
0 0.463281 0.608333 0.035937 0.045833
0 0.525000 0.541667 0.034375 0.050000
0 0.566406 0.611458 0.035937 0.056250
0 0.447656 0.326042 0.032813 0.047917
0 0.539062 0.325000 0.040625 0.058333
0 0.741406 0.562500 0.035937 0.045833
0 0.767188 0.692708 0.050000 0.052083
0 0.900781 0.726042 0.032813 0.052083
0 0.828906 0.463542 0.039062 0.056250
0 0.949219 0.445833 0.048438 0.054167
0 0.888281 0.105208 0.039062 0.064583