0 0.061719 0.123958 0.029687 0.047917
0 0.196094 0.125000 0.029687 0.041667
0 0.278906 0.265625 0.064062 0.047917
0 0.228906 0.446875 0.042188 0.047917
0 0.252344 0.676042 0.035937 0.052083
0 0.179688 0.810417 0.046875 0.045833
0 0.045312 0.693750 0.037500 0.054167
0 0.450000 0.602083 0.037500 0.041667
0 0.511719 0.528125 0.032813 0.047917
0 0.553906 0.606250 0.035937 0.041667
0 0.433594 0.323958 0.032813 0.043750
0 0.522656 0.318750 0.023438 0.050000
0 0.721875 0.547917 0.043750 0.045833
0 0.747656 0.675000 0.042188 0.037500
0 0.883594 0.703125 0.032813 0.043750
0 0.809375 0.454167 0.040625 0.058333
0 0.927344 0.431250 0.039062 0.050000
0 0.864844 0.101042 0.045312 0.043750