0 0.089844 0.134375 0.035937 0.052083
0 0.225000 0.135417 0.028125 0.045833
0 0.293750 0.262500 0.037500 0.070833
0 0.253125 0.443750 0.040625 0.062500
0 0.275000 0.681250 0.037500 0.058333
0 0.065625 0.688542 0.043750 0.052083
0 0.199219 0.811458 0.039062 0.043750
0 0.454688 0.336458 0.034375 0.043750
0 0.542188 0.325000 0.031250 0.045833
0 0.527344 0.540625 0.026562 0.039583
0 0.468750 0.615625 0.031250 0.052083
0 0.571875 0.618750 0.050000 0.058333
0 0.825000 0.462500 0.053125 0.041667
0 0.739844 0.565625 0.048438 0.047917
0 0.762500 0.696875 0.034375 0.056250
0 0.902344 0.727083 0.042188 0.050000
0 0.948438 0.444792 0.043750 0.052083
0 0.886719 0.109375 0.045312 0.047917