0 0.101562 0.117708 0.046875 0.052083
0 0.231250 0.126042 0.037500 0.047917
0 0.300000 0.258333 0.034375 0.045833
0 0.260937 0.441667 0.050000 0.058333
0 0.278125 0.681250 0.050000 0.050000
0 0.068750 0.670833 0.037500 0.041667
0 0.193750 0.801042 0.021875 0.043750
0 0.464062 0.340625 0.034375 0.052083
0 0.556250 0.334375 0.025000 0.047917
0 0.535937 0.543750 0.028125 0.037500
0 0.475781 0.614583 0.032813 0.037500
0 0.573438 0.622917 0.028125 0.037500
0 0.905469 0.130208 0.023438 0.052083
0 0.962500 0.460417 0.050000 0.050000
0 0.846875 0.476042 0.037500 0.039583
0 0.750781 0.575000 0.032813 0.041667
0 0.776563 0.709375 0.034375 0.039583
0 0.914844 0.737500 0.035937 0.041667