0 0.060156 0.128125 0.029687 0.047917
0 0.197656 0.133333 0.039062 0.041667
0 0.270313 0.263542 0.034375 0.056250
0 0.229687 0.451042 0.037500 0.060417
0 0.254688 0.677083 0.053125 0.066667
0 0.182031 0.811458 0.048438 0.047917
0 0.042969 0.696875 0.045312 0.043750
0 0.450000 0.606250 0.031250 0.050000
0 0.513281 0.537500 0.042188 0.050000
0 0.554688 0.609375 0.043750 0.056250
0 0.429688 0.326042 0.031250 0.043750
0 0.524219 0.327083 0.032813 0.054167
0 0.721875 0.552083 0.056250 0.041667
0 0.747656 0.681250 0.039062 0.045833
0 0.886719 0.708333 0.039062 0.058333
0 0.809375 0.453125 0.037500 0.052083
0 0.925781 0.432292 0.035937 0.056250
0 0.862500 0.101042 0.037500 0.031250