0 0.103906 0.121875 0.045312 0.056250
0 0.235156 0.126042 0.045312 0.056250
0 0.300781 0.261458 0.045312 0.056250
0 0.263281 0.438542 0.045312 0.056250
0 0.071094 0.678125 0.045312 0.056250
0 0.274219 0.671875 0.045312 0.056250
0 0.196094 0.811458 0.045312 0.056250
0 0.463281 0.330208 0.045312 0.056250
0 0.560156 0.326042 0.045312 0.056250
0 0.530469 0.548958 0.045312 0.056250
0 0.463281 0.617708 0.045312 0.056250
0 0.577344 0.630208 0.045312 0.056250
0 0.919531 0.751042 0.045312 0.056250
0 0.774219 0.709375 0.045312 0.056250
0 0.752344 0.571875 0.045312 0.056250
0 0.839844 0.473958 0.045312 0.056250
0 0.963281 0.461458 0.045312 0.056250
0 0.908594 0.121875 0.045312 0.056250