0 0.082031 0.119792 0.032813 0.043750
0 0.220312 0.126042 0.034375 0.047917
0 0.288281 0.257292 0.045312 0.052083
0 0.246875 0.437500 0.034375 0.062500
0 0.264844 0.671875 0.039062 0.068750
0 0.186719 0.803125 0.032813 0.060417
0 0.057813 0.681250 0.034375 0.041667
0 0.450781 0.330208 0.042188 0.043750
0 0.542188 0.326042 0.031250 0.052083
0 0.525781 0.541667 0.032813 0.054167
0 0.564063 0.609375 0.028125 0.047917
0 0.464062 0.612500 0.037500 0.054167
0 0.739844 0.560417 0.045312 0.041667
0 0.765625 0.694792 0.037500 0.056250
0 0.898438 0.725000 0.040625 0.058333
0 0.828906 0.459375 0.035937 0.056250
0 0.949219 0.448958 0.042188 0.052083
0 0.891406 0.106250 0.039062 0.041667