0 0.100000 0.115625 0.034375 0.027083
0 0.227344 0.121875 0.026562 0.035417
0 0.303906 0.261458 0.032813 0.047917
0 0.257812 0.442708 0.031250 0.039583
0 0.271094 0.676042 0.035937 0.035417
0 0.065625 0.668750 0.037500 0.037500
0 0.194531 0.798958 0.029687 0.043750
0 0.471875 0.606250 0.028125 0.037500
0 0.534375 0.543750 0.028125 0.033333
0 0.580469 0.618750 0.039062 0.033333
0 0.460938 0.328125 0.037500 0.039583
0 0.551562 0.335417 0.031250 0.033333
0 0.756250 0.566667 0.037500 0.054167
0 0.774219 0.701042 0.042188 0.039583
0 0.913281 0.741667 0.035937 0.029167
0 0.846094 0.460417 0.035937 0.045833
0 0.961719 0.464583 0.042188 0.041667
0 0.907813 0.115625 0.025000 0.043750