0 0.100781 0.117708 0.032813 0.031250
0 0.231250 0.125000 0.034375 0.041667
0 0.299219 0.261458 0.039062 0.043750
0 0.258594 0.440625 0.042188 0.043750
0 0.271094 0.679167 0.045312 0.054167
0 0.064062 0.671875 0.043750 0.039583
0 0.199219 0.805208 0.042188 0.043750
0 0.471094 0.610417 0.035937 0.037500
0 0.535156 0.544792 0.032813 0.039583
0 0.580469 0.622917 0.035937 0.041667
0 0.461719 0.330208 0.032813 0.047917
0 0.553906 0.328125 0.035937 0.047917
0 0.751563 0.577083 0.034375 0.045833
0 0.776563 0.701042 0.043750 0.043750
0 0.842187 0.477083 0.040625 0.045833
0 0.907813 0.735417 0.043750 0.054167
0 0.960156 0.464583 0.048438 0.045833
0 0.902344 0.116667 0.039062 0.041667