0 0.066406 0.127083 0.035937 0.062500
0 0.200000 0.132292 0.034375 0.052083
0 0.270313 0.261458 0.037500 0.060417
0 0.230469 0.446875 0.039062 0.072917
0 0.257812 0.676042 0.050000 0.056250
0 0.178906 0.811458 0.042188 0.047917
0 0.042969 0.687500 0.039062 0.050000
0 0.437500 0.325000 0.050000 0.054167
0 0.522656 0.321875 0.048438 0.056250
0 0.457813 0.611458 0.040625 0.047917
0 0.516406 0.531250 0.042188 0.045833
0 0.553125 0.603125 0.037500 0.052083
0 0.752344 0.681250 0.042188 0.050000
0 0.892188 0.706250 0.040625 0.070833
0 0.722656 0.548958 0.057813 0.056250
0 0.809375 0.452083 0.053125 0.058333
0 0.931250 0.435417 0.046875 0.054167
0 0.865625 0.094792 0.050000 0.056250