0 0.090625 0.130208 0.034375 0.056250
0 0.218750 0.130208 0.043750 0.056250
0 0.293750 0.268750 0.034375 0.062500
0 0.252344 0.444792 0.039062 0.047917
0 0.065625 0.685417 0.034375 0.054167
0 0.192969 0.809375 0.042188 0.052083
0 0.270313 0.681250 0.040625 0.045833
0 0.450000 0.327083 0.034375 0.050000
0 0.546875 0.331250 0.043750 0.058333
0 0.528125 0.547917 0.037500 0.045833
0 0.468750 0.613542 0.034375 0.047917
0 0.568750 0.617708 0.034375 0.056250
0 0.825000 0.470833 0.046875 0.062500
0 0.746094 0.570833 0.045312 0.062500
0 0.762500 0.694792 0.034375 0.043750
0 0.903125 0.715625 0.043750 0.052083
0 0.949219 0.453125 0.045312 0.043750
0 0.886719 0.112500 0.048438 0.062500