0 0.082031 0.119792 0.042188 0.052083
0 0.217969 0.119792 0.042188 0.047917
0 0.286719 0.258333 0.042188 0.054167
0 0.248438 0.433333 0.040625 0.066667
0 0.267188 0.671875 0.040625 0.052083
0 0.185156 0.805208 0.035937 0.056250
0 0.055469 0.680208 0.035937 0.056250
0 0.468750 0.611458 0.040625 0.039583
0 0.525781 0.538542 0.032813 0.047917
0 0.564844 0.612500 0.029687 0.045833
0 0.448437 0.329167 0.031250 0.062500
0 0.542969 0.330208 0.039062 0.056250
0 0.742188 0.567708 0.043750 0.060417
0 0.763281 0.691667 0.039062 0.054167
0 0.897656 0.728125 0.035937 0.043750
0 0.825781 0.459375 0.048438 0.056250
0 0.947656 0.440625 0.054688 0.056250
0 0.891406 0.107292 0.042188 0.052083