0 0.079687 0.116667 0.040625 0.041667
0 0.224219 0.122917 0.035937 0.041667
0 0.292187 0.266667 0.037500 0.058333
0 0.246094 0.439583 0.042188 0.058333
0 0.264062 0.672917 0.040625 0.066667
0 0.186719 0.810417 0.032813 0.054167
0 0.057031 0.680208 0.039062 0.052083
0 0.449219 0.325000 0.035937 0.054167
0 0.542188 0.322917 0.031250 0.045833
0 0.465625 0.609375 0.031250 0.047917
0 0.525781 0.541667 0.032813 0.041667
0 0.563281 0.612500 0.032813 0.050000
0 0.896875 0.719792 0.034375 0.068750
0 0.767188 0.691667 0.037500 0.041667
0 0.740625 0.559375 0.034375 0.043750
0 0.828906 0.462500 0.039062 0.058333
0 0.950781 0.445833 0.045312 0.058333
0 0.892969 0.106250 0.032813 0.037500