0 0.063281 0.135417 0.039062 0.054167
0 0.201563 0.131250 0.034375 0.045833
0 0.272656 0.262500 0.035937 0.058333
0 0.228125 0.445833 0.040625 0.054167
0 0.255469 0.678125 0.042188 0.047917
0 0.178125 0.813542 0.040625 0.043750
0 0.042969 0.688542 0.032813 0.056250
0 0.430469 0.329167 0.023438 0.041667
0 0.522656 0.320833 0.032813 0.041667
0 0.512500 0.535417 0.031250 0.045833
0 0.452344 0.612500 0.023438 0.041667
0 0.551562 0.608333 0.031250 0.041667
0 0.726562 0.552083 0.034375 0.050000
0 0.751563 0.681250 0.040625 0.062500
0 0.889062 0.712500 0.040625 0.050000
0 0.809375 0.450000 0.056250 0.070833
0 0.925000 0.442708 0.037500 0.039583
0 0.867969 0.101042 0.042188 0.035417