0 0.092969 0.137500 0.035937 0.041667
0 0.225000 0.136458 0.034375 0.043750
0 0.292969 0.266667 0.045312 0.070833
0 0.253906 0.452083 0.039062 0.062500
0 0.271094 0.682292 0.048438 0.064583
0 0.196094 0.810417 0.032813 0.058333
0 0.060156 0.690625 0.054688 0.060417
0 0.453125 0.336458 0.037500 0.060417
0 0.539844 0.334375 0.039062 0.064583
0 0.529687 0.539583 0.031250 0.045833
0 0.468750 0.607292 0.046875 0.064583
0 0.567969 0.616667 0.035937 0.054167
0 0.739062 0.564583 0.034375 0.058333
0 0.828125 0.468750 0.037500 0.050000
0 0.766406 0.695833 0.039062 0.054167
0 0.887500 0.112500 0.037500 0.050000
0 0.949219 0.452083 0.035937 0.054167
0 0.901563 0.728125 0.037500 0.056250