0 0.100000 0.118750 0.043750 0.054167
0 0.232031 0.128125 0.029687 0.047917
0 0.303125 0.261458 0.040625 0.052083
0 0.263281 0.443750 0.029687 0.058333
0 0.277344 0.683333 0.051562 0.070833
0 0.069531 0.676042 0.026562 0.047917
0 0.196875 0.805208 0.034375 0.060417
0 0.464844 0.340625 0.026562 0.056250
0 0.550781 0.333333 0.029687 0.045833
0 0.536719 0.546875 0.035937 0.052083
0 0.468750 0.611458 0.028125 0.039583
0 0.577344 0.621875 0.042188 0.052083
0 0.907813 0.122917 0.031250 0.037500
0 0.964063 0.466667 0.034375 0.037500
0 0.840625 0.483333 0.037500 0.062500
0 0.759375 0.578125 0.050000 0.068750
0 0.775000 0.708333 0.043750 0.062500
0 0.914062 0.737500 0.031250 0.050000