0 0.096094 0.119792 0.042188 0.047917
0 0.233594 0.121875 0.029687 0.039583
0 0.306250 0.265625 0.050000 0.056250
0 0.260937 0.439583 0.037500 0.054167
0 0.271875 0.671875 0.050000 0.064583
0 0.068750 0.670833 0.040625 0.050000
0 0.190625 0.797917 0.037500 0.050000
0 0.472656 0.603125 0.035937 0.052083
0 0.571094 0.617708 0.039062 0.043750
0 0.530469 0.537500 0.045312 0.050000
0 0.464844 0.329167 0.029687 0.054167
0 0.551562 0.330208 0.040625 0.039583
0 0.753906 0.569792 0.035937 0.052083
0 0.775000 0.707292 0.037500 0.047917
0 0.908594 0.737500 0.042188 0.054167
0 0.842969 0.475000 0.042188 0.054167
0 0.959375 0.460417 0.043750 0.045833
0 0.905469 0.111458 0.039062 0.047917