0 0.060937 0.127083 0.046875 0.045833
0 0.200781 0.127083 0.039062 0.045833
0 0.268750 0.263542 0.043750 0.060417
0 0.232813 0.442708 0.046875 0.068750
0 0.251563 0.679167 0.040625 0.062500
0 0.182031 0.812500 0.042188 0.066667
0 0.050000 0.693750 0.053125 0.050000
0 0.453906 0.606250 0.042188 0.062500
0 0.555469 0.605208 0.039062 0.056250
0 0.510938 0.533333 0.046875 0.050000
0 0.432031 0.330208 0.035937 0.064583
0 0.521875 0.322917 0.040625 0.066667
0 0.725781 0.551042 0.042188 0.056250
0 0.752344 0.676042 0.048438 0.081250
0 0.889062 0.709375 0.056250 0.085417
0 0.805469 0.447917 0.051562 0.058333
0 0.927344 0.432292 0.039062 0.056250
0 0.863281 0.095833 0.042188 0.050000