0 0.078125 0.123958 0.025000 0.052083
0 0.218750 0.121875 0.043750 0.047917
0 0.289844 0.259375 0.042188 0.039583
0 0.246875 0.438542 0.040625 0.052083
0 0.267188 0.673958 0.034375 0.072917
0 0.191406 0.805208 0.029687 0.068750
0 0.057813 0.678125 0.043750 0.047917
0 0.461719 0.605208 0.039062 0.039583
0 0.526563 0.541667 0.031250 0.041667
0 0.564844 0.614583 0.029687 0.041667
0 0.448437 0.325000 0.031250 0.045833
0 0.540625 0.331250 0.034375 0.045833
0 0.739844 0.566667 0.026562 0.033333
0 0.827344 0.460417 0.042188 0.041667
0 0.766406 0.693750 0.032813 0.041667
0 0.903906 0.728125 0.035937 0.039583
0 0.891406 0.107292 0.023438 0.039583
0 0.948438 0.446875 0.037500 0.047917