0 0.099219 0.114583 0.032813 0.041667
0 0.229687 0.126042 0.037500 0.035417
0 0.302344 0.263542 0.045312 0.047917
0 0.257812 0.434375 0.037500 0.056250
0 0.280469 0.677083 0.042188 0.054167
0 0.068750 0.664583 0.046875 0.045833
0 0.196875 0.796875 0.031250 0.056250
0 0.472656 0.608333 0.042188 0.050000
0 0.536719 0.540625 0.039062 0.047917
0 0.575781 0.622917 0.039062 0.041667
0 0.458594 0.325000 0.035937 0.050000
0 0.551562 0.338542 0.046875 0.060417
0 0.742188 0.571875 0.046875 0.052083
0 0.776563 0.706250 0.046875 0.050000
0 0.840625 0.470833 0.034375 0.058333
0 0.962500 0.461458 0.040625 0.043750
0 0.907031 0.728125 0.045312 0.056250
0 0.905469 0.117708 0.042188 0.043750