0 0.102344 0.112500 0.026562 0.045833
0 0.233594 0.118750 0.032813 0.033333
0 0.306250 0.262500 0.028125 0.050000
0 0.259375 0.436458 0.034375 0.056250
0 0.065625 0.666667 0.040625 0.050000
0 0.278125 0.679167 0.043750 0.045833
0 0.462500 0.331250 0.043750 0.041667
0 0.557813 0.325000 0.034375 0.050000
0 0.536719 0.541667 0.023438 0.041667
0 0.475000 0.611458 0.028125 0.043750
0 0.575000 0.617708 0.037500 0.043750
0 0.751563 0.568750 0.037500 0.045833
0 0.775000 0.701042 0.050000 0.043750
0 0.912500 0.739583 0.031250 0.050000
0 0.193750 0.797917 0.034375 0.045833
0 0.840625 0.476042 0.043750 0.035417
0 0.962500 0.459375 0.034375 0.043750
0 0.906250 0.115625 0.037500 0.043750