0 0.042969 0.689583 0.035937 0.041667
0 0.178906 0.809375 0.039062 0.060417
0 0.257031 0.678125 0.048438 0.052083
0 0.233594 0.447917 0.042188 0.054167
0 0.272656 0.259375 0.048438 0.060417
0 0.196875 0.129167 0.046875 0.058333
0 0.061719 0.121875 0.051562 0.047917
0 0.430469 0.322917 0.035937 0.045833
0 0.525781 0.326042 0.051562 0.047917
0 0.455469 0.609375 0.032813 0.039583
0 0.508594 0.531250 0.035937 0.041667
0 0.557031 0.606250 0.048438 0.054167
0 0.755469 0.680208 0.048438 0.047917
0 0.889844 0.707292 0.051562 0.068750
0 0.728125 0.551042 0.043750 0.056250
0 0.816406 0.451042 0.060937 0.064583
0 0.927344 0.428125 0.042188 0.068750
0 0.864062 0.098958 0.043750 0.052083