0 0.060156 0.128125 0.045312 0.039583
0 0.201563 0.129167 0.046875 0.041667
0 0.267969 0.264583 0.039062 0.050000
0 0.233594 0.446875 0.045312 0.056250
0 0.044531 0.695833 0.035937 0.045833
0 0.175781 0.816667 0.048438 0.054167
0 0.255469 0.682292 0.045312 0.047917
0 0.430469 0.329167 0.029687 0.050000
0 0.528125 0.325000 0.031250 0.058333
0 0.517969 0.537500 0.042188 0.045833
0 0.453906 0.612500 0.032813 0.050000
0 0.550000 0.609375 0.031250 0.047917
0 0.724219 0.559375 0.045312 0.043750
0 0.749219 0.678125 0.032813 0.056250
0 0.882031 0.709375 0.032813 0.056250
0 0.807031 0.453125 0.051562 0.052083
0 0.924219 0.431250 0.051562 0.062500
0 0.867969 0.105208 0.051562 0.035417