0 0.082812 0.119792 0.037500 0.047917
0 0.218750 0.117708 0.053125 0.043750
0 0.289062 0.263542 0.043750 0.043750
0 0.244531 0.440625 0.039062 0.056250
0 0.266406 0.676042 0.042188 0.064583
0 0.192188 0.811458 0.050000 0.047917
0 0.057031 0.681250 0.045312 0.050000
0 0.450000 0.325000 0.031250 0.058333
0 0.542188 0.328125 0.037500 0.064583
0 0.526563 0.540625 0.031250 0.056250
0 0.465625 0.610417 0.037500 0.050000
0 0.567187 0.617708 0.037500 0.039583
0 0.743750 0.564583 0.050000 0.054167
0 0.770312 0.690625 0.050000 0.052083
0 0.901563 0.726042 0.040625 0.047917
0 0.829688 0.464583 0.043750 0.054167
0 0.946875 0.448958 0.046875 0.056250
0 0.889062 0.106250 0.040625 0.050000