0 0.100000 0.115625 0.028125 0.060417
0 0.234375 0.118750 0.031250 0.058333
0 0.307031 0.260417 0.035937 0.054167
0 0.258594 0.437500 0.032813 0.054167
0 0.065625 0.672917 0.028125 0.058333
0 0.274219 0.677083 0.032813 0.066667
0 0.196875 0.805208 0.040625 0.056250
0 0.460156 0.332292 0.032813 0.047917
0 0.555469 0.333333 0.029687 0.050000
0 0.537500 0.543750 0.031250 0.058333
0 0.475000 0.610417 0.025000 0.041667
0 0.572656 0.616667 0.023438 0.037500
0 0.910937 0.115625 0.025000 0.047917
0 0.964844 0.465625 0.029687 0.047917
0 0.837500 0.473958 0.031250 0.047917
0 0.749219 0.576042 0.039062 0.052083
0 0.775000 0.705208 0.034375 0.064583
0 0.910156 0.738542 0.029687 0.052083