0 0.099219 0.118750 0.026562 0.041667
0 0.226562 0.123958 0.037500 0.039583
0 0.304688 0.261458 0.034375 0.047917
0 0.260156 0.435417 0.035937 0.054167
0 0.077344 0.675000 0.051562 0.066667
0 0.271875 0.681250 0.050000 0.058333
0 0.195312 0.798958 0.034375 0.052083
0 0.475000 0.608333 0.037500 0.058333
0 0.572656 0.613542 0.035937 0.047917
0 0.535156 0.543750 0.051562 0.050000
0 0.464062 0.329167 0.037500 0.050000
0 0.546875 0.323958 0.037500 0.039583
0 0.753125 0.573958 0.046875 0.052083
0 0.774219 0.706250 0.029687 0.045833
0 0.910156 0.739583 0.048438 0.045833
0 0.838281 0.467708 0.048438 0.043750
0 0.960938 0.463542 0.043750 0.047917
0 0.900000 0.115625 0.046875 0.047917