0 0.084375 0.118750 0.034375 0.041667
0 0.220312 0.121875 0.043750 0.047917
0 0.285938 0.259375 0.037500 0.052083
0 0.246875 0.436458 0.037500 0.056250
0 0.265625 0.675000 0.031250 0.062500
0 0.188281 0.805208 0.032813 0.052083
0 0.057813 0.678125 0.040625 0.056250
0 0.450000 0.329167 0.034375 0.050000
0 0.542188 0.321875 0.037500 0.052083
0 0.524219 0.536458 0.029687 0.052083
0 0.466406 0.610417 0.042188 0.041667
0 0.564063 0.612500 0.031250 0.041667
0 0.739844 0.561458 0.051562 0.047917
0 0.768750 0.689583 0.040625 0.050000
0 0.904687 0.723958 0.034375 0.060417
0 0.830469 0.460417 0.032813 0.041667
0 0.950781 0.445833 0.039062 0.045833
0 0.886719 0.105208 0.039062 0.056250