0 0.062500 0.126042 0.046875 0.047917
0 0.198437 0.129167 0.028125 0.041667
0 0.269531 0.263542 0.045312 0.052083
0 0.233594 0.447917 0.039062 0.066667
0 0.254688 0.677083 0.050000 0.062500
0 0.041406 0.691667 0.042188 0.054167
0 0.177344 0.814583 0.029687 0.054167
0 0.450781 0.607292 0.042188 0.043750
0 0.516406 0.536458 0.032813 0.056250
0 0.557031 0.617708 0.042188 0.056250
0 0.430469 0.327083 0.032813 0.045833
0 0.525781 0.330208 0.032813 0.064583
0 0.729688 0.558333 0.059375 0.058333
0 0.752344 0.680208 0.042188 0.056250
0 0.881250 0.704167 0.046875 0.054167
0 0.809375 0.457292 0.040625 0.056250
0 0.925000 0.435417 0.031250 0.050000
0 0.864844 0.104167 0.048438 0.058333