0 0.061719 0.123958 0.017188 0.031250
0 0.196094 0.123958 0.026562 0.031250
0 0.270313 0.261458 0.031250 0.043750
0 0.228125 0.446875 0.050000 0.043750
0 0.046875 0.686458 0.043750 0.043750
0 0.254688 0.682292 0.043750 0.047917
0 0.174219 0.806250 0.026562 0.050000
0 0.511719 0.532292 0.035937 0.043750
0 0.454688 0.607292 0.037500 0.031250
0 0.550000 0.606250 0.031250 0.037500
0 0.928125 0.433333 0.034375 0.037500
0 0.814063 0.451042 0.050000 0.043750
0 0.721094 0.551042 0.042188 0.052083
0 0.750000 0.675000 0.043750 0.050000
0 0.885938 0.703125 0.050000 0.056250
0 0.865625 0.090625 0.040625 0.043750
0 0.433594 0.321875 0.032813 0.043750
0 0.524219 0.325000 0.035937 0.045833