0 0.080469 0.118750 0.042188 0.045833
0 0.217188 0.118750 0.043750 0.045833
0 0.287500 0.258333 0.046875 0.054167
0 0.246875 0.442708 0.046875 0.052083
0 0.264844 0.678125 0.039062 0.056250
0 0.185156 0.802083 0.035937 0.062500
0 0.052344 0.677083 0.039062 0.058333
0 0.464062 0.605208 0.034375 0.039583
0 0.524219 0.544792 0.035937 0.047917
0 0.565625 0.613542 0.034375 0.047917
0 0.449219 0.328125 0.032813 0.052083
0 0.539844 0.328125 0.042188 0.056250
0 0.742188 0.566667 0.043750 0.037500
0 0.764062 0.689583 0.037500 0.045833
0 0.903125 0.729167 0.028125 0.054167
0 0.830469 0.461458 0.039062 0.060417
0 0.949219 0.448958 0.054688 0.056250
0 0.889844 0.103125 0.045312 0.047917