0 0.081250 0.117708 0.034375 0.047917
0 0.217188 0.122917 0.037500 0.045833
0 0.286719 0.261458 0.042188 0.043750
0 0.243750 0.435417 0.037500 0.058333
0 0.263281 0.677083 0.035937 0.054167
0 0.187500 0.810417 0.037500 0.050000
0 0.053125 0.682292 0.037500 0.056250
0 0.461719 0.606250 0.032813 0.041667
0 0.526563 0.542708 0.031250 0.043750
0 0.564844 0.613542 0.029687 0.052083
0 0.447656 0.326042 0.029687 0.052083
0 0.541406 0.327083 0.042188 0.041667
0 0.740625 0.562500 0.037500 0.058333
0 0.760156 0.690625 0.039062 0.056250
0 0.898438 0.726042 0.037500 0.060417
0 0.826562 0.462500 0.037500 0.066667
0 0.948438 0.443750 0.040625 0.062500
0 0.888281 0.108333 0.042188 0.062500