0 0.060156 0.128125 0.032813 0.052083
0 0.196094 0.128125 0.035937 0.052083
0 0.271875 0.259375 0.034375 0.056250
0 0.228906 0.444792 0.045312 0.056250
0 0.260156 0.680208 0.042188 0.068750
0 0.180469 0.815625 0.045312 0.056250
0 0.046094 0.691667 0.048438 0.045833
0 0.435937 0.326042 0.040625 0.043750
0 0.520312 0.322917 0.037500 0.058333
0 0.517188 0.533333 0.043750 0.050000
0 0.452344 0.610417 0.029687 0.058333
0 0.551562 0.604167 0.034375 0.054167
0 0.754687 0.680208 0.053125 0.047917
0 0.728906 0.553125 0.057813 0.052083
0 0.890625 0.700000 0.053125 0.054167
0 0.812500 0.452083 0.043750 0.062500
0 0.932031 0.432292 0.057813 0.056250
0 0.867969 0.095833 0.045312 0.045833