0 0.102344 0.117708 0.017188 0.031250
0 0.233594 0.119792 0.020313 0.022917
0 0.299219 0.267708 0.029687 0.043750
0 0.255469 0.434375 0.026562 0.035417
0 0.066406 0.669792 0.023438 0.035417
0 0.271875 0.672917 0.025000 0.033333
0 0.196875 0.805208 0.021875 0.031250
0 0.458594 0.329167 0.017188 0.029167
0 0.553906 0.325000 0.020313 0.029167
0 0.903906 0.120833 0.023438 0.037500
0 0.532031 0.541667 0.020313 0.029167
0 0.475000 0.611458 0.028125 0.027083
0 0.571094 0.618750 0.023438 0.029167
0 0.961719 0.461458 0.029687 0.035417
0 0.845313 0.475000 0.021875 0.033333
0 0.750000 0.571875 0.025000 0.022917
0 0.772656 0.704167 0.020313 0.020833
0 0.911719 0.743750 0.026562 0.033333