0 0.063281 0.132292 0.035937 0.047917
0 0.198437 0.128125 0.031250 0.047917
0 0.269531 0.261458 0.051562 0.052083
0 0.229687 0.447917 0.040625 0.054167
0 0.046875 0.695833 0.031250 0.058333
0 0.252344 0.683333 0.035937 0.062500
0 0.175781 0.810417 0.042188 0.058333
0 0.429688 0.328125 0.031250 0.052083
0 0.522656 0.322917 0.032813 0.045833
0 0.511719 0.536458 0.026562 0.047917
0 0.455469 0.612500 0.032813 0.050000
0 0.555469 0.606250 0.026562 0.045833
0 0.802344 0.448958 0.057813 0.060417
0 0.723437 0.557292 0.037500 0.064583
0 0.746875 0.680208 0.037500 0.047917
0 0.885156 0.708333 0.035937 0.066667
0 0.928125 0.434375 0.050000 0.043750
0 0.867188 0.102083 0.050000 0.029167