0 0.063281 0.132292 0.035937 0.052083
0 0.199219 0.131250 0.032813 0.058333
0 0.271875 0.262500 0.040625 0.050000
0 0.229687 0.450000 0.040625 0.062500
0 0.253125 0.678125 0.034375 0.060417
0 0.045312 0.694792 0.037500 0.043750
0 0.182031 0.809375 0.051562 0.052083
0 0.428906 0.328125 0.032813 0.043750
0 0.526563 0.325000 0.025000 0.050000
0 0.514844 0.538542 0.023438 0.035417
0 0.458594 0.611458 0.051562 0.043750
0 0.553125 0.608333 0.040625 0.054167
0 0.725781 0.550000 0.051562 0.050000
0 0.753906 0.683333 0.032813 0.050000
0 0.891406 0.709375 0.051562 0.060417
0 0.814063 0.458333 0.053125 0.054167
0 0.928125 0.437500 0.037500 0.066667
0 0.864062 0.101042 0.040625 0.052083