0 0.084375 0.125000 0.043750 0.058333
0 0.221094 0.134375 0.029687 0.039583
0 0.290625 0.265625 0.037500 0.056250
0 0.246094 0.444792 0.048438 0.047917
0 0.059375 0.684375 0.037500 0.060417
0 0.271875 0.681250 0.034375 0.058333
0 0.193750 0.814583 0.034375 0.050000
0 0.468750 0.613542 0.040625 0.035417
0 0.564063 0.615625 0.031250 0.052083
0 0.446094 0.333333 0.035937 0.050000
0 0.542188 0.332292 0.040625 0.035417
0 0.739844 0.565625 0.039062 0.043750
0 0.765625 0.690625 0.046875 0.039583
0 0.903125 0.728125 0.043750 0.056250
0 0.943750 0.451042 0.046875 0.052083
0 0.825000 0.467708 0.037500 0.043750
0 0.887500 0.116667 0.034375 0.041667