0 0.102344 0.112500 0.039062 0.050000
0 0.234375 0.121875 0.031250 0.056250
0 0.307031 0.260417 0.045312 0.054167
0 0.261719 0.440625 0.039062 0.060417
0 0.069531 0.675000 0.039062 0.054167
0 0.277344 0.682292 0.045312 0.064583
0 0.193750 0.803125 0.034375 0.056250
0 0.461719 0.331250 0.039062 0.054167
0 0.555469 0.331250 0.026562 0.058333
0 0.536719 0.539583 0.032813 0.045833
0 0.475781 0.611458 0.029687 0.047917
0 0.579688 0.625000 0.028125 0.062500
0 0.910156 0.117708 0.032813 0.060417
0 0.967187 0.463542 0.046875 0.060417
0 0.839063 0.469792 0.031250 0.047917
0 0.752344 0.573958 0.039062 0.047917
0 0.769531 0.698958 0.032813 0.043750
0 0.914844 0.740625 0.032813 0.047917