0 0.082031 0.117708 0.042188 0.047917
0 0.217188 0.122917 0.037500 0.045833
0 0.289062 0.259375 0.043750 0.056250
0 0.245312 0.437500 0.043750 0.054167
0 0.267188 0.678125 0.043750 0.047917
0 0.183594 0.807292 0.042188 0.052083
0 0.056250 0.681250 0.046875 0.050000
0 0.446094 0.326042 0.042188 0.047917
0 0.540625 0.325000 0.034375 0.045833
0 0.525000 0.539583 0.031250 0.041667
0 0.569531 0.612500 0.045312 0.041667
0 0.464844 0.608333 0.039062 0.045833
0 0.738281 0.561458 0.039062 0.043750
0 0.767969 0.692708 0.042188 0.052083
0 0.906250 0.733333 0.043750 0.054167
0 0.832812 0.470833 0.040625 0.062500
0 0.949219 0.446875 0.039062 0.056250
0 0.889844 0.105208 0.039062 0.052083