0 0.101562 0.121875 0.031250 0.047917
0 0.231250 0.126042 0.031250 0.047917
0 0.306250 0.261458 0.053125 0.047917
0 0.264062 0.439583 0.046875 0.050000
0 0.271875 0.676042 0.034375 0.047917
0 0.067187 0.677083 0.028125 0.054167
0 0.196094 0.809375 0.029687 0.060417
0 0.464062 0.336458 0.028125 0.056250
0 0.557031 0.333333 0.035937 0.045833
0 0.532813 0.540625 0.028125 0.035417
0 0.474219 0.615625 0.032813 0.035417
0 0.573438 0.619792 0.028125 0.027083
0 0.908594 0.120833 0.029687 0.045833
0 0.962500 0.466667 0.037500 0.050000
0 0.839844 0.475000 0.035937 0.037500
0 0.752344 0.570833 0.029687 0.033333
0 0.772656 0.700000 0.039062 0.037500
0 0.910937 0.746875 0.037500 0.043750