0 0.063281 0.129167 0.045312 0.058333
0 0.198437 0.126042 0.031250 0.052083
0 0.271094 0.264583 0.035937 0.070833
0 0.231250 0.447917 0.037500 0.058333
0 0.037500 0.690625 0.046875 0.052083
0 0.250000 0.688542 0.043750 0.056250
0 0.175000 0.812500 0.046875 0.050000
0 0.451562 0.605208 0.040625 0.047917
0 0.514062 0.535417 0.028125 0.050000
0 0.553906 0.606250 0.029687 0.041667
0 0.433594 0.331250 0.035937 0.045833
0 0.525781 0.317708 0.039062 0.047917
0 0.729688 0.560417 0.043750 0.041667
0 0.746875 0.680208 0.040625 0.056250
0 0.881250 0.705208 0.037500 0.052083
0 0.809375 0.455208 0.053125 0.060417
0 0.928906 0.433333 0.045312 0.054167
0 0.867969 0.100000 0.054688 0.054167