0 0.061719 0.129167 0.051562 0.045833
0 0.202344 0.128125 0.048438 0.047917
0 0.266406 0.262500 0.048438 0.070833
0 0.232031 0.447917 0.048438 0.058333
0 0.042969 0.690625 0.032813 0.052083
0 0.255469 0.681250 0.045312 0.058333
0 0.179688 0.817708 0.028125 0.052083
0 0.453125 0.613542 0.031250 0.056250
0 0.514844 0.536458 0.032813 0.043750
0 0.552344 0.609375 0.048438 0.056250
0 0.432812 0.333333 0.025000 0.045833
0 0.522656 0.323958 0.023438 0.039583
0 0.725000 0.558333 0.037500 0.045833
0 0.750781 0.683333 0.032813 0.045833
0 0.886719 0.712500 0.042188 0.058333
0 0.803125 0.452083 0.059375 0.058333
0 0.928125 0.439583 0.031250 0.058333
0 0.872656 0.104167 0.054688 0.045833