0 0.102344 0.120833 0.039062 0.045833
0 0.232031 0.129167 0.026562 0.050000
0 0.307031 0.270833 0.029687 0.054167
0 0.259375 0.442708 0.046875 0.056250
0 0.072656 0.672917 0.042188 0.041667
0 0.274219 0.681250 0.035937 0.054167
0 0.197656 0.807292 0.035937 0.064583
0 0.464844 0.344792 0.032813 0.077083
0 0.554688 0.332292 0.031250 0.047917
0 0.536719 0.548958 0.029687 0.056250
0 0.478906 0.615625 0.032813 0.047917
0 0.573438 0.618750 0.021875 0.033333
0 0.909375 0.128125 0.028125 0.052083
0 0.967187 0.461458 0.034375 0.039583
0 0.844531 0.482292 0.045312 0.056250
0 0.753906 0.571875 0.042188 0.043750
0 0.778125 0.705208 0.040625 0.043750
0 0.912500 0.739583 0.025000 0.050000