0 0.085938 0.125000 0.050000 0.058333
0 0.221875 0.128125 0.037500 0.043750
0 0.290625 0.259375 0.050000 0.064583
0 0.243750 0.434375 0.059375 0.060417
0 0.275000 0.682292 0.043750 0.056250
0 0.064844 0.688542 0.035937 0.056250
0 0.193750 0.810417 0.046875 0.050000
0 0.443750 0.332292 0.031250 0.052083
0 0.542969 0.326042 0.042188 0.043750
0 0.528125 0.542708 0.028125 0.056250
0 0.468750 0.608333 0.034375 0.050000
0 0.568750 0.616667 0.031250 0.050000
0 0.742969 0.566667 0.032813 0.054167
0 0.825000 0.463542 0.050000 0.064583
0 0.950000 0.447917 0.046875 0.062500
0 0.764062 0.684375 0.034375 0.068750
0 0.901563 0.720833 0.046875 0.062500
0 0.884375 0.112500 0.046875 0.050000