0 0.103906 0.121875 0.026562 0.047917
0 0.238281 0.131250 0.048438 0.050000
0 0.300781 0.265625 0.042188 0.047917
0 0.261719 0.443750 0.042188 0.050000
0 0.066406 0.672917 0.032813 0.054167
0 0.274219 0.684375 0.035937 0.056250
0 0.195312 0.811458 0.031250 0.047917
0 0.464844 0.345833 0.042188 0.062500
0 0.556250 0.334375 0.037500 0.052083
0 0.908594 0.129167 0.051562 0.054167
0 0.965625 0.463542 0.034375 0.047917
0 0.837500 0.475000 0.043750 0.041667
0 0.756250 0.578125 0.046875 0.060417
0 0.778906 0.705208 0.048438 0.064583
0 0.915625 0.742708 0.028125 0.064583
0 0.581250 0.629167 0.043750 0.054167
0 0.535937 0.540625 0.040625 0.039583
0 0.474219 0.616667 0.035937 0.037500