0 0.103125 0.121875 0.028125 0.039583
0 0.232031 0.126042 0.032813 0.043750
0 0.303125 0.264583 0.028125 0.041667
0 0.257812 0.436458 0.031250 0.039583
0 0.068750 0.670833 0.025000 0.033333
0 0.271094 0.679167 0.029687 0.045833
0 0.460938 0.338542 0.021875 0.043750
0 0.553906 0.339583 0.020313 0.045833
0 0.534375 0.546875 0.018750 0.022917
0 0.474219 0.613542 0.014063 0.027083
0 0.573438 0.618750 0.021875 0.025000
0 0.910156 0.120833 0.014063 0.025000
0 0.965625 0.464583 0.021875 0.025000
0 0.840625 0.475000 0.018750 0.020833
0 0.750000 0.572917 0.025000 0.020833
0 0.774219 0.703125 0.010937 0.022917
0 0.914062 0.741667 0.025000 0.033333
0 0.195312 0.806250 0.012500 0.041667