0 0.063281 0.129167 0.032813 0.054167
0 0.196094 0.129167 0.035937 0.054167
0 0.269531 0.264583 0.039062 0.054167
0 0.228125 0.446875 0.053125 0.064583
0 0.257031 0.683333 0.035937 0.070833
0 0.042969 0.689583 0.032813 0.066667
0 0.434375 0.325000 0.046875 0.045833
0 0.521875 0.323958 0.043750 0.043750
0 0.456250 0.605208 0.037500 0.056250
0 0.515625 0.536458 0.050000 0.043750
0 0.553125 0.608333 0.025000 0.054167
0 0.723437 0.553125 0.037500 0.056250
0 0.748437 0.678125 0.050000 0.043750
0 0.887500 0.708333 0.046875 0.045833
0 0.809375 0.453125 0.046875 0.060417
0 0.926562 0.432292 0.050000 0.052083
0 0.863281 0.097917 0.035937 0.050000
0 0.175781 0.808333 0.054688 0.058333