0 0.098437 0.115625 0.040625 0.043750
0 0.232813 0.121875 0.031250 0.039583
0 0.300781 0.256250 0.039062 0.054167
0 0.257812 0.429167 0.040625 0.045833
0 0.065625 0.670833 0.037500 0.058333
0 0.275000 0.677083 0.040625 0.037500
0 0.196875 0.806250 0.040625 0.050000
0 0.459375 0.333333 0.034375 0.045833
0 0.552344 0.335417 0.042188 0.050000
0 0.472656 0.613542 0.039062 0.043750
0 0.528906 0.543750 0.032813 0.041667
0 0.575000 0.617708 0.040625 0.043750
0 0.748437 0.573958 0.037500 0.047917
0 0.771094 0.700000 0.042188 0.054167
0 0.912500 0.743750 0.037500 0.050000
0 0.839063 0.473958 0.037500 0.043750
0 0.963281 0.463542 0.039062 0.052083
0 0.902344 0.112500 0.045312 0.050000