0 0.080469 0.116667 0.029687 0.045833
0 0.220312 0.121875 0.040625 0.035417
0 0.290625 0.260417 0.031250 0.045833
0 0.245312 0.437500 0.034375 0.062500
0 0.267188 0.677083 0.037500 0.050000
0 0.185156 0.807292 0.029687 0.060417
0 0.057813 0.682292 0.040625 0.056250
0 0.467969 0.611458 0.035937 0.043750
0 0.524219 0.539583 0.032813 0.045833
0 0.566406 0.611458 0.035937 0.039583
0 0.450000 0.327083 0.025000 0.045833
0 0.543750 0.326042 0.037500 0.043750
0 0.743750 0.569792 0.037500 0.052083
0 0.764844 0.689583 0.032813 0.070833
0 0.906250 0.725000 0.043750 0.050000
0 0.829688 0.463542 0.037500 0.052083
0 0.951562 0.447917 0.046875 0.050000
0 0.888281 0.108333 0.042188 0.050000