0 0.061719 0.132292 0.029687 0.043750
0 0.201563 0.125000 0.034375 0.037500
0 0.274219 0.269792 0.035937 0.052083
0 0.232813 0.446875 0.034375 0.077083
0 0.258594 0.683333 0.054688 0.070833
0 0.046875 0.693750 0.034375 0.050000
0 0.180469 0.815625 0.026562 0.047917
0 0.430469 0.326042 0.039062 0.052083
0 0.524219 0.319792 0.029687 0.047917
0 0.511719 0.533333 0.032813 0.058333
0 0.453906 0.612500 0.032813 0.045833
0 0.557031 0.609375 0.029687 0.047917
0 0.729688 0.557292 0.040625 0.052083
0 0.750000 0.680208 0.028125 0.064583
0 0.885938 0.703125 0.034375 0.064583
0 0.810937 0.452083 0.040625 0.058333
0 0.928125 0.433333 0.050000 0.062500
0 0.867188 0.097917 0.056250 0.041667