0 0.102344 0.129167 0.054688 0.045833
0 0.237500 0.121875 0.043750 0.039583
0 0.297656 0.257292 0.042188 0.056250
0 0.258594 0.448958 0.039062 0.039583
0 0.277344 0.681250 0.035937 0.037500
0 0.072656 0.664583 0.042188 0.062500
0 0.196094 0.797917 0.045312 0.045833
0 0.479687 0.608333 0.046875 0.054167
0 0.532031 0.546875 0.032813 0.039583
0 0.574219 0.614583 0.035937 0.037500
0 0.460156 0.326042 0.026562 0.031250
0 0.554688 0.334375 0.037500 0.052083
0 0.749219 0.569792 0.039062 0.056250
0 0.775781 0.700000 0.032813 0.050000
0 0.907031 0.735417 0.048438 0.045833
0 0.843750 0.473958 0.040625 0.035417
0 0.964063 0.458333 0.043750 0.054167
0 0.910156 0.114583 0.039062 0.050000