0 0.103906 0.115625 0.032813 0.056250
0 0.232031 0.119792 0.032813 0.047917
0 0.303906 0.257292 0.032813 0.056250
0 0.260156 0.440625 0.029687 0.060417
0 0.064062 0.671875 0.034375 0.052083
0 0.277344 0.675000 0.042188 0.050000
0 0.192969 0.798958 0.023438 0.056250
0 0.457031 0.326042 0.029687 0.039583
0 0.557813 0.326042 0.028125 0.039583
0 0.535937 0.542708 0.028125 0.039583
0 0.473438 0.611458 0.037500 0.039583
0 0.576562 0.617708 0.037500 0.039583
0 0.913281 0.111458 0.035937 0.047917
0 0.964063 0.462500 0.031250 0.037500
0 0.841406 0.471875 0.029687 0.035417
0 0.753125 0.578125 0.028125 0.052083
0 0.778125 0.704167 0.050000 0.050000
0 0.915625 0.735417 0.040625 0.050000