0 0.100781 0.119792 0.032813 0.035417
0 0.236719 0.126042 0.035937 0.043750
0 0.302344 0.259375 0.032813 0.047917
0 0.258594 0.439583 0.042188 0.045833
0 0.271875 0.681250 0.034375 0.045833
0 0.067969 0.669792 0.029687 0.052083
0 0.195312 0.809375 0.031250 0.056250
0 0.462500 0.341667 0.037500 0.045833
0 0.557813 0.340625 0.037500 0.056250
0 0.535156 0.542708 0.035937 0.031250
0 0.474219 0.613542 0.023438 0.047917
0 0.576562 0.631250 0.037500 0.045833
0 0.907031 0.127083 0.042188 0.045833
0 0.960938 0.461458 0.040625 0.035417
0 0.845313 0.477083 0.040625 0.045833
0 0.753125 0.573958 0.040625 0.052083
0 0.772656 0.697917 0.039062 0.041667
0 0.911719 0.742708 0.029687 0.035417