0 0.083594 0.117708 0.039062 0.039583
0 0.218750 0.119792 0.031250 0.047917
0 0.289062 0.257292 0.034375 0.060417
0 0.250000 0.442708 0.043750 0.060417
0 0.267188 0.679167 0.040625 0.066667
0 0.186719 0.813542 0.032813 0.052083
0 0.055469 0.682292 0.039062 0.047917
0 0.467969 0.611458 0.039062 0.039583
0 0.525781 0.538542 0.032813 0.052083
0 0.564844 0.618750 0.029687 0.050000
0 0.449219 0.328125 0.032813 0.052083
0 0.543750 0.329167 0.031250 0.041667
0 0.766406 0.693750 0.057813 0.054167
0 0.906250 0.732292 0.034375 0.056250
0 0.742969 0.568750 0.039062 0.045833
0 0.832812 0.468750 0.040625 0.045833
0 0.953125 0.454167 0.050000 0.054167
0 0.889844 0.110417 0.032813 0.045833