0 0.059375 0.133333 0.037500 0.054167
0 0.200000 0.131250 0.040625 0.058333
0 0.268750 0.264583 0.037500 0.062500
0 0.235156 0.443750 0.054688 0.058333
0 0.255469 0.681250 0.039062 0.054167
0 0.178906 0.809375 0.039062 0.056250
0 0.043750 0.693750 0.053125 0.037500
0 0.454688 0.610417 0.040625 0.062500
0 0.520312 0.538542 0.043750 0.043750
0 0.550781 0.610417 0.032813 0.054167
0 0.433594 0.328125 0.039062 0.064583
0 0.523438 0.325000 0.040625 0.041667
0 0.724219 0.557292 0.023438 0.052083
0 0.815625 0.453125 0.068750 0.068750
0 0.746094 0.682292 0.048438 0.052083
0 0.882812 0.706250 0.040625 0.054167
0 0.935156 0.441667 0.064062 0.058333
0 0.862500 0.098958 0.040625 0.043750