0 0.080469 0.122917 0.045312 0.045833
0 0.218750 0.118750 0.031250 0.041667
0 0.285938 0.266667 0.040625 0.070833
0 0.246094 0.433333 0.060937 0.066667
0 0.264844 0.670833 0.042188 0.066667
0 0.186719 0.807292 0.039062 0.064583
0 0.054688 0.678125 0.043750 0.047917
0 0.464062 0.610417 0.034375 0.050000
0 0.525000 0.534375 0.031250 0.064583
0 0.564844 0.616667 0.029687 0.054167
0 0.448437 0.323958 0.028125 0.047917
0 0.542969 0.322917 0.039062 0.062500
0 0.740625 0.563542 0.053125 0.056250
0 0.828125 0.459375 0.043750 0.060417
0 0.950781 0.442708 0.060937 0.052083
0 0.765625 0.688542 0.053125 0.056250
0 0.903906 0.725000 0.039062 0.058333
0 0.887500 0.105208 0.040625 0.052083