0 0.082812 0.122917 0.031250 0.045833
0 0.221094 0.119792 0.029687 0.039583
0 0.290625 0.257292 0.037500 0.064583
0 0.247656 0.438542 0.039062 0.047917
0 0.265625 0.673958 0.031250 0.064583
0 0.185938 0.805208 0.040625 0.052083
0 0.057031 0.676042 0.042188 0.052083
0 0.450781 0.328125 0.032813 0.047917
0 0.542188 0.323958 0.034375 0.056250
0 0.525781 0.542708 0.029687 0.052083
0 0.565625 0.611458 0.028125 0.039583
0 0.465625 0.614583 0.031250 0.041667
0 0.769531 0.696875 0.032813 0.039583
0 0.905469 0.725000 0.051562 0.045833
0 0.737500 0.567708 0.037500 0.035417
0 0.828906 0.458333 0.032813 0.058333
0 0.951562 0.445833 0.031250 0.050000
0 0.891406 0.106250 0.035937 0.041667