0 0.096875 0.116667 0.037500 0.041667
0 0.236719 0.129167 0.048438 0.058333
0 0.303125 0.264583 0.031250 0.054167
0 0.260937 0.444792 0.034375 0.064583
0 0.065625 0.672917 0.037500 0.062500
0 0.273438 0.678125 0.040625 0.068750
0 0.191406 0.811458 0.026562 0.039583
0 0.480469 0.623958 0.045312 0.056250
0 0.537500 0.550000 0.040625 0.050000
0 0.577344 0.623958 0.035937 0.052083
0 0.467187 0.343750 0.037500 0.079167
0 0.554688 0.339583 0.059375 0.054167
0 0.906250 0.121875 0.034375 0.035417
0 0.967187 0.462500 0.050000 0.054167
0 0.839844 0.471875 0.048438 0.047917
0 0.752344 0.568750 0.045312 0.050000
0 0.783594 0.707292 0.051562 0.047917
0 0.912500 0.741667 0.043750 0.058333