0 0.097656 0.114583 0.023438 0.033333
0 0.229687 0.119792 0.040625 0.043750
0 0.301563 0.263542 0.037500 0.043750
0 0.254688 0.435417 0.034375 0.045833
0 0.274219 0.673958 0.039062 0.056250
0 0.069531 0.673958 0.032813 0.047917
0 0.196094 0.804167 0.032813 0.045833
0 0.460156 0.329167 0.035937 0.037500
0 0.554688 0.329167 0.037500 0.041667
0 0.536719 0.542708 0.035937 0.047917
0 0.470313 0.607292 0.037500 0.039583
0 0.575000 0.616667 0.028125 0.041667
0 0.776563 0.702083 0.037500 0.045833
0 0.750000 0.576042 0.034375 0.047917
0 0.910937 0.738542 0.043750 0.043750
0 0.841406 0.477083 0.032813 0.041667
0 0.964063 0.462500 0.040625 0.045833
0 0.899219 0.111458 0.035937 0.043750