0 0.077344 0.113542 0.039062 0.052083
0 0.218750 0.117708 0.037500 0.035417
0 0.289844 0.258333 0.042188 0.062500
0 0.248438 0.441667 0.046875 0.054167
0 0.264844 0.673958 0.042188 0.060417
0 0.185938 0.805208 0.043750 0.056250
0 0.057813 0.679167 0.056250 0.054167
0 0.465625 0.605208 0.037500 0.052083
0 0.524219 0.535417 0.035937 0.050000
0 0.565625 0.612500 0.031250 0.050000
0 0.448437 0.327083 0.040625 0.058333
0 0.542188 0.321875 0.046875 0.052083
0 0.740625 0.563542 0.043750 0.043750
0 0.764062 0.688542 0.037500 0.047917
0 0.903125 0.723958 0.040625 0.056250
0 0.828906 0.460417 0.035937 0.054167
0 0.950781 0.444792 0.042188 0.056250
0 0.890625 0.105208 0.031250 0.043750