0 0.078125 0.116667 0.046875 0.045833
0 0.221875 0.115625 0.056250 0.043750
0 0.286719 0.252083 0.039062 0.062500
0 0.245312 0.436458 0.040625 0.060417
0 0.264844 0.673958 0.039062 0.056250
0 0.185938 0.812500 0.040625 0.062500
0 0.055469 0.679167 0.042188 0.054167
0 0.448437 0.326042 0.028125 0.052083
0 0.542188 0.328125 0.040625 0.052083
0 0.527344 0.538542 0.032813 0.047917
0 0.567969 0.614583 0.035937 0.041667
0 0.466406 0.608333 0.026562 0.045833
0 0.741406 0.560417 0.051562 0.041667
0 0.763281 0.692708 0.042188 0.052083
0 0.899219 0.725000 0.039062 0.058333
0 0.828125 0.464583 0.037500 0.066667
0 0.950000 0.448958 0.037500 0.039583
0 0.889062 0.107292 0.034375 0.039583