0 0.102344 0.120833 0.042188 0.029167
0 0.234375 0.117708 0.028125 0.039583
0 0.298438 0.258333 0.031250 0.045833
0 0.250000 0.436458 0.046875 0.043750
0 0.271094 0.676042 0.039062 0.043750
0 0.061719 0.670833 0.035937 0.037500
0 0.196094 0.800000 0.029687 0.041667
0 0.473438 0.609375 0.031250 0.043750
0 0.570312 0.618750 0.037500 0.037500
0 0.535156 0.547917 0.035937 0.033333
0 0.458594 0.332292 0.032813 0.035417
0 0.548438 0.327083 0.031250 0.037500
0 0.903125 0.121875 0.037500 0.039583
0 0.839844 0.470833 0.045312 0.037500
0 0.967187 0.460417 0.046875 0.041667
0 0.745313 0.570833 0.034375 0.037500
0 0.772656 0.697917 0.042188 0.041667
0 0.905469 0.736458 0.039062 0.043750