0 0.103125 0.118750 0.034375 0.041667
0 0.232813 0.119792 0.031250 0.035417
0 0.300781 0.258333 0.032813 0.041667
0 0.260937 0.441667 0.037500 0.041667
0 0.070312 0.666667 0.040625 0.050000
0 0.275000 0.678125 0.028125 0.039583
0 0.194531 0.805208 0.023438 0.035417
0 0.460938 0.330208 0.018750 0.027083
0 0.557031 0.330208 0.020313 0.035417
0 0.535937 0.550000 0.025000 0.037500
0 0.475000 0.614583 0.025000 0.029167
0 0.573438 0.613542 0.034375 0.031250
0 0.750000 0.576042 0.034375 0.031250
0 0.841406 0.470833 0.035937 0.029167
0 0.910156 0.118750 0.035937 0.029167
0 0.960156 0.458333 0.035937 0.029167
0 0.772656 0.697917 0.035937 0.029167
0 0.913281 0.745833 0.035937 0.029167