0 0.082812 0.117708 0.031250 0.043750
0 0.220312 0.120833 0.034375 0.050000
0 0.290625 0.262500 0.040625 0.050000
0 0.248438 0.442708 0.040625 0.052083
0 0.267188 0.676042 0.043750 0.052083
0 0.185938 0.806250 0.040625 0.054167
0 0.054688 0.680208 0.034375 0.052083
0 0.447656 0.329167 0.039062 0.054167
0 0.542969 0.328125 0.039062 0.052083
0 0.526563 0.532292 0.037500 0.060417
0 0.567969 0.611458 0.032813 0.056250
0 0.463281 0.609375 0.035937 0.047917
0 0.742969 0.568750 0.039062 0.045833
0 0.763281 0.689583 0.035937 0.058333
0 0.903125 0.728125 0.040625 0.052083
0 0.829688 0.463542 0.034375 0.056250
0 0.951562 0.445833 0.037500 0.058333
0 0.890625 0.111458 0.040625 0.060417