0 0.099219 0.117708 0.023438 0.027083
0 0.233594 0.127083 0.020313 0.029167
0 0.303125 0.261458 0.031250 0.035417
0 0.261719 0.440625 0.026562 0.031250
0 0.275781 0.681250 0.032813 0.029167
0 0.071094 0.672917 0.026562 0.033333
0 0.198437 0.806250 0.018750 0.045833
0 0.463281 0.334375 0.020313 0.031250
0 0.553125 0.328125 0.021875 0.027083
0 0.535156 0.546875 0.014063 0.018750
0 0.474219 0.612500 0.017188 0.020833
0 0.573438 0.623958 0.021875 0.027083
0 0.904687 0.122917 0.018750 0.020833
0 0.963281 0.465625 0.020313 0.035417
0 0.840625 0.477083 0.025000 0.029167
0 0.750000 0.573958 0.025000 0.018750
0 0.776563 0.707292 0.025000 0.031250
0 0.913281 0.741667 0.023438 0.037500