0 0.104688 0.122917 0.043750 0.058333
0 0.234375 0.122917 0.043750 0.058333
0 0.307812 0.252083 0.043750 0.058333
0 0.260937 0.437500 0.043750 0.058333
0 0.065625 0.672917 0.043750 0.058333
0 0.279687 0.672917 0.043750 0.058333
0 0.195312 0.810417 0.043750 0.058333
0 0.478125 0.622917 0.043750 0.058333
0 0.535937 0.543750 0.043750 0.058333
0 0.581250 0.629167 0.043750 0.058333
0 0.462500 0.329167 0.043750 0.058333
0 0.557813 0.329167 0.043750 0.058333
0 0.917188 0.125000 0.043750 0.058333
0 0.960938 0.450000 0.043750 0.058333
0 0.839063 0.468750 0.043750 0.058333
0 0.751563 0.572917 0.043750 0.058333
0 0.773438 0.695833 0.043750 0.058333
0 0.921875 0.745833 0.043750 0.058333