0 0.063281 0.127083 0.032813 0.050000
0 0.200781 0.125000 0.042188 0.050000
0 0.271094 0.262500 0.039062 0.054167
0 0.232031 0.443750 0.035937 0.062500
0 0.041406 0.686458 0.045312 0.077083
0 0.255469 0.683333 0.051562 0.058333
0 0.177344 0.810417 0.039062 0.058333
0 0.453125 0.607292 0.037500 0.043750
0 0.514844 0.534375 0.045312 0.043750
0 0.552344 0.605208 0.035937 0.039583
0 0.432031 0.327083 0.032813 0.045833
0 0.522656 0.317708 0.035937 0.043750
0 0.724219 0.550000 0.032813 0.050000
0 0.750000 0.683333 0.043750 0.062500
0 0.887500 0.711458 0.040625 0.068750
0 0.925000 0.432292 0.043750 0.052083
0 0.807813 0.453125 0.037500 0.056250
0 0.864844 0.097917 0.042188 0.050000