0 0.061719 0.126042 0.032813 0.047917
0 0.196875 0.131250 0.037500 0.054167
0 0.273438 0.262500 0.040625 0.050000
0 0.237500 0.445833 0.059375 0.045833
0 0.042969 0.690625 0.035937 0.064583
0 0.253125 0.679167 0.053125 0.054167
0 0.182031 0.816667 0.039062 0.050000
0 0.450000 0.609375 0.046875 0.043750
0 0.553125 0.609375 0.040625 0.035417
0 0.514062 0.534375 0.037500 0.035417
0 0.428125 0.326042 0.050000 0.043750
0 0.521094 0.321875 0.051562 0.047917
0 0.726562 0.555208 0.050000 0.043750
0 0.752344 0.678125 0.039062 0.043750
0 0.884375 0.705208 0.040625 0.064583
0 0.810156 0.450000 0.051562 0.054167
0 0.927344 0.435417 0.035937 0.054167
0 0.863281 0.093750 0.045312 0.041667