0 0.063281 0.129167 0.042188 0.050000
0 0.200000 0.130208 0.040625 0.047917
0 0.275781 0.267708 0.039062 0.068750
0 0.232031 0.448958 0.042188 0.060417
0 0.046094 0.691667 0.048438 0.041667
0 0.255469 0.685417 0.029687 0.054167
0 0.178125 0.813542 0.043750 0.047917
0 0.432031 0.330208 0.032813 0.047917
0 0.524219 0.326042 0.017188 0.052083
0 0.512500 0.538542 0.040625 0.052083
0 0.453125 0.612500 0.031250 0.045833
0 0.553906 0.612500 0.029687 0.045833
0 0.751563 0.683333 0.040625 0.041667
0 0.729688 0.555208 0.040625 0.052083
0 0.884375 0.702083 0.034375 0.058333
0 0.810156 0.455208 0.042188 0.047917
0 0.928125 0.435417 0.034375 0.050000
0 0.866406 0.104167 0.045312 0.045833