0 0.100000 0.112500 0.028125 0.062500
0 0.233594 0.117708 0.032813 0.043750
0 0.307031 0.260417 0.039062 0.062500
0 0.264062 0.438542 0.043750 0.056250
0 0.064844 0.668750 0.029687 0.050000
0 0.275000 0.678125 0.037500 0.047917
0 0.195312 0.802083 0.025000 0.050000
0 0.461719 0.328125 0.029687 0.035417
0 0.554688 0.331250 0.025000 0.050000
0 0.536719 0.540625 0.032813 0.056250
0 0.475781 0.604167 0.032813 0.050000
0 0.579688 0.612500 0.037500 0.037500
0 0.907031 0.113542 0.032813 0.056250
0 0.965625 0.468750 0.043750 0.062500
0 0.838281 0.471875 0.032813 0.047917
0 0.749219 0.572917 0.035937 0.045833
0 0.775781 0.702083 0.035937 0.045833
0 0.911719 0.738542 0.035937 0.056250