0 0.098437 0.120833 0.040625 0.045833
0 0.233594 0.126042 0.032813 0.043750
0 0.307031 0.262500 0.035937 0.045833
0 0.255469 0.442708 0.032813 0.056250
0 0.276562 0.681250 0.037500 0.045833
0 0.071094 0.672917 0.039062 0.054167
0 0.195312 0.806250 0.028125 0.054167
0 0.460938 0.337500 0.034375 0.041667
0 0.553125 0.335417 0.034375 0.045833
0 0.533594 0.548958 0.032813 0.039583
0 0.471875 0.610417 0.025000 0.041667
0 0.575000 0.633333 0.021875 0.050000
0 0.907813 0.122917 0.034375 0.041667
0 0.967187 0.462500 0.037500 0.045833
0 0.841406 0.481250 0.045312 0.045833
0 0.754687 0.573958 0.037500 0.043750
0 0.775000 0.704167 0.025000 0.045833
0 0.911719 0.740625 0.032813 0.052083