0 0.082031 0.116667 0.042188 0.045833
0 0.215625 0.118750 0.043750 0.050000
0 0.286719 0.260417 0.042188 0.058333
0 0.243750 0.437500 0.043750 0.054167
0 0.264062 0.677083 0.040625 0.054167
0 0.186719 0.807292 0.039062 0.052083
0 0.057813 0.684375 0.046875 0.047917
0 0.467969 0.612500 0.032813 0.045833
0 0.524219 0.539583 0.032813 0.045833
0 0.566406 0.614583 0.032813 0.058333
0 0.450781 0.327083 0.032813 0.041667
0 0.541406 0.328125 0.035937 0.052083
0 0.740625 0.564583 0.043750 0.050000
0 0.766406 0.693750 0.042188 0.054167
0 0.897656 0.727083 0.048438 0.070833
0 0.834375 0.468750 0.043750 0.058333
0 0.950000 0.445833 0.043750 0.062500
0 0.889062 0.113542 0.040625 0.052083