0 0.102344 0.117708 0.035937 0.039583
0 0.233594 0.129167 0.026562 0.050000
0 0.302344 0.266667 0.032813 0.050000
0 0.260156 0.443750 0.035937 0.037500
0 0.275000 0.677083 0.043750 0.041667
0 0.071094 0.672917 0.032813 0.041667
0 0.194531 0.806250 0.032813 0.050000
0 0.464844 0.333333 0.029687 0.037500
0 0.556250 0.327083 0.021875 0.041667
0 0.535937 0.546875 0.025000 0.035417
0 0.475781 0.615625 0.029687 0.031250
0 0.573438 0.620833 0.031250 0.033333
0 0.907031 0.123958 0.035937 0.047917
0 0.960938 0.458333 0.034375 0.041667
0 0.843750 0.477083 0.031250 0.041667
0 0.752344 0.572917 0.029687 0.045833
0 0.908594 0.744792 0.039062 0.043750
0 0.775000 0.705208 0.034375 0.043750