0 0.100000 0.113542 0.037500 0.047917
0 0.232031 0.127083 0.032813 0.037500
0 0.300781 0.256250 0.039062 0.054167
0 0.256250 0.437500 0.046875 0.058333
0 0.070312 0.670833 0.034375 0.050000
0 0.267188 0.676042 0.046875 0.060417
0 0.203125 0.798958 0.040625 0.052083
0 0.474219 0.601042 0.045312 0.052083
0 0.578125 0.613542 0.043750 0.047917
0 0.538281 0.536458 0.039062 0.052083
0 0.457031 0.320833 0.039062 0.054167
0 0.548438 0.323958 0.046875 0.047917
0 0.746875 0.567708 0.040625 0.064583
0 0.774219 0.695833 0.042188 0.050000
0 0.901563 0.730208 0.062500 0.072917
0 0.831250 0.463542 0.059375 0.056250
0 0.964844 0.462500 0.039062 0.045833
0 0.905469 0.122917 0.048438 0.050000