0 0.084375 0.121875 0.031250 0.039583
0 0.220312 0.121875 0.050000 0.047917
0 0.289062 0.252083 0.043750 0.062500
0 0.249219 0.442708 0.042188 0.052083
0 0.265625 0.673958 0.056250 0.060417
0 0.185938 0.813542 0.034375 0.039583
0 0.050781 0.689583 0.042188 0.058333
0 0.450000 0.326042 0.034375 0.052083
0 0.541406 0.327083 0.042188 0.054167
0 0.467187 0.612500 0.037500 0.054167
0 0.528125 0.539583 0.040625 0.045833
0 0.567187 0.614583 0.037500 0.045833
0 0.764844 0.694792 0.051562 0.047917
0 0.903906 0.730208 0.032813 0.056250
0 0.746094 0.572917 0.045312 0.037500
0 0.830469 0.470833 0.039062 0.054167
0 0.953125 0.448958 0.050000 0.056250
0 0.890625 0.110417 0.043750 0.050000