0 0.081250 0.116667 0.043750 0.045833
0 0.217969 0.121875 0.042188 0.043750
0 0.289844 0.257292 0.039062 0.052083
0 0.247656 0.440625 0.039062 0.047917
0 0.264844 0.675000 0.039062 0.062500
0 0.186719 0.810417 0.032813 0.058333
0 0.057031 0.681250 0.048438 0.041667
0 0.471875 0.609375 0.037500 0.043750
0 0.523438 0.540625 0.037500 0.047917
0 0.564844 0.606250 0.032813 0.054167
0 0.446875 0.325000 0.031250 0.041667
0 0.542188 0.327083 0.031250 0.050000
0 0.740625 0.562500 0.034375 0.058333
0 0.767969 0.691667 0.042188 0.045833
0 0.904687 0.729167 0.053125 0.050000
0 0.831250 0.466667 0.040625 0.062500
0 0.949219 0.447917 0.045312 0.054167
0 0.889062 0.110417 0.037500 0.045833