0 0.058594 0.129167 0.035937 0.045833
0 0.197656 0.129167 0.039062 0.050000
0 0.273438 0.266667 0.034375 0.045833
0 0.227344 0.439583 0.048438 0.058333
0 0.260156 0.683333 0.057813 0.045833
0 0.177344 0.815625 0.032813 0.052083
0 0.044531 0.690625 0.042188 0.052083
0 0.454688 0.611458 0.037500 0.047917
0 0.548438 0.607292 0.037500 0.052083
0 0.511719 0.537500 0.035937 0.045833
0 0.430469 0.329167 0.029687 0.050000
0 0.523438 0.328125 0.028125 0.052083
0 0.724219 0.558333 0.042188 0.045833
0 0.750000 0.686458 0.031250 0.052083
0 0.885156 0.708333 0.039062 0.050000
0 0.809375 0.453125 0.040625 0.060417
0 0.928906 0.440625 0.039062 0.052083
0 0.864844 0.100000 0.032813 0.037500