0 0.096094 0.113542 0.029687 0.043750
0 0.233594 0.122917 0.029687 0.037500
0 0.297656 0.255208 0.032813 0.052083
0 0.257812 0.437500 0.034375 0.045833
0 0.270313 0.675000 0.043750 0.050000
0 0.075000 0.675000 0.040625 0.054167
0 0.193750 0.803125 0.040625 0.035417
0 0.471094 0.606250 0.035937 0.045833
0 0.573438 0.614583 0.031250 0.037500
0 0.536719 0.547917 0.026562 0.050000
0 0.457031 0.329167 0.032813 0.054167
0 0.549219 0.334375 0.032813 0.047917
0 0.750781 0.568750 0.032813 0.037500
0 0.777344 0.701042 0.032813 0.047917
0 0.910937 0.736458 0.037500 0.043750
0 0.839063 0.470833 0.037500 0.054167
0 0.960156 0.460417 0.032813 0.045833
0 0.899219 0.113542 0.035937 0.043750