0 0.081250 0.119792 0.043750 0.052083
0 0.215625 0.117708 0.056250 0.043750
0 0.291406 0.260417 0.048438 0.058333
0 0.244531 0.439583 0.048438 0.066667
0 0.265625 0.671875 0.040625 0.068750
0 0.190625 0.806250 0.050000 0.066667
0 0.055469 0.678125 0.045312 0.052083
0 0.447656 0.328125 0.039062 0.052083
0 0.539844 0.321875 0.042188 0.052083
0 0.525000 0.538542 0.046875 0.047917
0 0.566406 0.613542 0.032813 0.056250
0 0.466406 0.606250 0.032813 0.054167
0 0.738281 0.562500 0.039062 0.062500
0 0.765625 0.687500 0.043750 0.062500
0 0.901563 0.722917 0.034375 0.058333
0 0.834375 0.470833 0.046875 0.062500
0 0.952344 0.448958 0.042188 0.043750
0 0.889844 0.105208 0.039062 0.047917