0 0.102344 0.116667 0.029687 0.045833
0 0.225000 0.119792 0.031250 0.035417
0 0.296875 0.255208 0.040625 0.047917
0 0.252344 0.437500 0.048438 0.045833
0 0.071094 0.670833 0.035937 0.050000
0 0.272656 0.676042 0.045312 0.039583
0 0.196094 0.800000 0.035937 0.045833
0 0.471875 0.613542 0.037500 0.039583
0 0.573438 0.620833 0.040625 0.041667
0 0.532031 0.543750 0.039062 0.037500
0 0.460156 0.331250 0.032813 0.045833
0 0.546094 0.327083 0.032813 0.041667
0 0.903125 0.120833 0.046875 0.050000
0 0.752344 0.572917 0.032813 0.041667
0 0.842187 0.472917 0.037500 0.037500
0 0.962500 0.463542 0.040625 0.035417
0 0.777344 0.698958 0.026562 0.043750
0 0.914844 0.742708 0.048438 0.052083