0 0.234375 0.128125 0.040625 0.056250
0 0.098437 0.121875 0.040625 0.056250
0 0.304688 0.255208 0.040625 0.056250
0 0.265625 0.440625 0.040625 0.056250
0 0.067187 0.663542 0.040625 0.056250
0 0.273438 0.667708 0.040625 0.056250
0 0.192188 0.817708 0.040625 0.056250
0 0.476562 0.613542 0.040625 0.056250
0 0.529687 0.544792 0.040625 0.056250
0 0.582812 0.628125 0.040625 0.056250
0 0.459375 0.336458 0.040625 0.056250
0 0.554688 0.326042 0.040625 0.056250
0 0.910937 0.123958 0.040625 0.056250
0 0.960938 0.457292 0.040625 0.056250
0 0.840625 0.465625 0.040625 0.056250
0 0.743750 0.563542 0.040625 0.056250
0 0.773438 0.717708 0.040625 0.056250
0 0.920312 0.744792 0.040625 0.056250