0 0.100781 0.118750 0.032813 0.037500
0 0.232813 0.126042 0.031250 0.035417
0 0.302344 0.256250 0.032813 0.058333
0 0.257812 0.440625 0.034375 0.047917
0 0.277344 0.676042 0.039062 0.039583
0 0.073438 0.672917 0.037500 0.045833
0 0.196875 0.803125 0.034375 0.052083
0 0.471094 0.609375 0.029687 0.039583
0 0.575000 0.620833 0.037500 0.045833
0 0.535156 0.545833 0.035937 0.045833
0 0.461719 0.329167 0.029687 0.041667
0 0.551562 0.326042 0.037500 0.047917
0 0.750000 0.570833 0.040625 0.037500
0 0.842187 0.475000 0.046875 0.050000
0 0.775000 0.703125 0.037500 0.043750
0 0.913281 0.734375 0.042188 0.047917
0 0.962500 0.463542 0.034375 0.047917
0 0.908594 0.126042 0.035937 0.039583