0 0.096875 0.116667 0.028125 0.029167
0 0.235156 0.116667 0.026562 0.045833
0 0.307031 0.258333 0.039062 0.041667
0 0.260156 0.440625 0.054688 0.035417
0 0.274219 0.672917 0.039062 0.050000
0 0.070312 0.669792 0.037500 0.043750
0 0.196875 0.807292 0.040625 0.047917
0 0.468750 0.612500 0.034375 0.037500
0 0.573438 0.627083 0.034375 0.041667
0 0.535937 0.542708 0.034375 0.043750
0 0.463281 0.328125 0.032813 0.047917
0 0.548438 0.325000 0.034375 0.033333
0 0.775000 0.705208 0.037500 0.043750
0 0.750781 0.580208 0.032813 0.043750
0 0.908594 0.737500 0.039062 0.045833
0 0.836719 0.476042 0.039062 0.043750
0 0.962500 0.463542 0.034375 0.039583
0 0.904687 0.120833 0.040625 0.033333