0 0.105469 0.120833 0.042188 0.050000
0 0.230469 0.111458 0.042188 0.047917
0 0.305469 0.258333 0.045312 0.062500
0 0.259375 0.439583 0.056250 0.050000
0 0.068750 0.670833 0.062500 0.045833
0 0.284375 0.679167 0.071875 0.070833
0 0.195312 0.794792 0.053125 0.056250
0 0.477344 0.601042 0.048438 0.052083
0 0.573438 0.611458 0.062500 0.052083
0 0.539062 0.540625 0.050000 0.043750
0 0.457031 0.320833 0.045312 0.058333
0 0.565625 0.326042 0.053125 0.052083
0 0.907031 0.107292 0.048438 0.068750
0 0.838281 0.465625 0.045312 0.047917
0 0.742969 0.572917 0.070312 0.050000
0 0.773438 0.706250 0.053125 0.058333
0 0.901563 0.732292 0.062500 0.052083
0 0.957031 0.448958 0.051562 0.052083