0 0.067187 0.128125 0.043750 0.052083
0 0.193750 0.122917 0.037500 0.050000
0 0.271875 0.262500 0.050000 0.054167
0 0.239063 0.448958 0.053125 0.064583
0 0.042188 0.694792 0.043750 0.064583
0 0.253125 0.679167 0.068750 0.050000
0 0.453906 0.612500 0.032813 0.062500
0 0.514844 0.532292 0.057813 0.043750
0 0.554688 0.613542 0.028125 0.056250
0 0.428906 0.328125 0.032813 0.047917
0 0.522656 0.323958 0.035937 0.056250
0 0.750000 0.682292 0.043750 0.052083
0 0.721875 0.552083 0.040625 0.041667
0 0.813281 0.452083 0.057813 0.045833
0 0.884375 0.707292 0.050000 0.052083
0 0.939844 0.444792 0.064062 0.060417
0 0.865625 0.100000 0.037500 0.050000
0 0.182031 0.806250 0.032813 0.050000