0 0.062500 0.131250 0.043750 0.041667
0 0.198437 0.127083 0.043750 0.050000
0 0.272656 0.265625 0.035937 0.043750
0 0.231250 0.448958 0.053125 0.043750
0 0.257812 0.686458 0.056250 0.064583
0 0.178906 0.814583 0.039062 0.058333
0 0.043750 0.694792 0.050000 0.047917
0 0.453906 0.613542 0.029687 0.039583
0 0.511719 0.538542 0.039062 0.031250
0 0.555469 0.611458 0.029687 0.039583
0 0.430469 0.330208 0.029687 0.043750
0 0.523438 0.329167 0.034375 0.058333
0 0.732812 0.558333 0.059375 0.037500
0 0.747656 0.678125 0.039062 0.052083
0 0.888281 0.715625 0.048438 0.077083
0 0.810156 0.457292 0.051562 0.043750
0 0.932031 0.439583 0.039062 0.050000
0 0.857031 0.090625 0.054688 0.052083