0 0.100000 0.117708 0.025000 0.031250
0 0.233594 0.123958 0.029687 0.035417
0 0.305469 0.260417 0.035937 0.041667
0 0.256250 0.440625 0.031250 0.043750
0 0.276562 0.679167 0.037500 0.045833
0 0.069531 0.673958 0.035937 0.052083
0 0.199219 0.798958 0.035937 0.047917
0 0.472656 0.612500 0.035937 0.037500
0 0.572656 0.617708 0.039062 0.035417
0 0.539062 0.547917 0.037500 0.041667
0 0.460156 0.328125 0.029687 0.043750
0 0.552344 0.327083 0.026562 0.041667
0 0.903906 0.118750 0.039062 0.033333
0 0.842187 0.472917 0.028125 0.033333
0 0.752344 0.571875 0.029687 0.043750
0 0.778906 0.706250 0.035937 0.045833
0 0.912500 0.738542 0.037500 0.043750
0 0.961719 0.463542 0.032813 0.039583