0 0.100000 0.116667 0.028125 0.050000
0 0.234375 0.119792 0.025000 0.047917
0 0.304688 0.259375 0.034375 0.056250
0 0.260156 0.440625 0.032813 0.056250
0 0.064844 0.663542 0.035937 0.052083
0 0.277344 0.678125 0.045312 0.052083
0 0.194531 0.806250 0.029687 0.054167
0 0.462500 0.335417 0.040625 0.058333
0 0.555469 0.336458 0.035937 0.060417
0 0.535937 0.540625 0.025000 0.052083
0 0.473438 0.611458 0.028125 0.039583
0 0.578906 0.618750 0.029687 0.045833
0 0.909375 0.115625 0.025000 0.043750
0 0.965625 0.465625 0.037500 0.052083
0 0.842969 0.471875 0.045312 0.039583
0 0.752344 0.572917 0.032813 0.045833
0 0.777344 0.703125 0.039062 0.052083
0 0.910937 0.738542 0.034375 0.052083