0 0.082031 0.125000 0.035937 0.045833
0 0.219531 0.129167 0.029687 0.058333
0 0.292187 0.266667 0.043750 0.058333
0 0.249219 0.445833 0.048438 0.066667
0 0.054688 0.681250 0.037500 0.058333
0 0.189062 0.812500 0.040625 0.062500
0 0.267188 0.679167 0.043750 0.050000
0 0.449219 0.333333 0.042188 0.062500
0 0.540625 0.328125 0.034375 0.056250
0 0.524219 0.537500 0.032813 0.050000
0 0.465625 0.608333 0.034375 0.054167
0 0.564844 0.609375 0.039062 0.047917
0 0.741406 0.565625 0.035937 0.039583
0 0.765625 0.693750 0.031250 0.054167
0 0.902344 0.728125 0.039062 0.052083
0 0.830469 0.464583 0.039062 0.050000
0 0.951562 0.446875 0.040625 0.056250
0 0.892969 0.103125 0.042188 0.047917