0 0.081250 0.119792 0.040625 0.052083
0 0.216406 0.116667 0.051562 0.045833
0 0.290625 0.257292 0.043750 0.056250
0 0.246875 0.436458 0.040625 0.060417
0 0.264844 0.672917 0.042188 0.054167
0 0.186719 0.808333 0.032813 0.054167
0 0.058594 0.680208 0.032813 0.052083
0 0.467187 0.609375 0.043750 0.039583
0 0.525000 0.541667 0.040625 0.054167
0 0.563281 0.609375 0.035937 0.043750
0 0.445312 0.326042 0.034375 0.047917
0 0.540625 0.327083 0.034375 0.054167
0 0.738281 0.564583 0.054688 0.050000
0 0.829688 0.462500 0.031250 0.062500
0 0.952344 0.452083 0.048438 0.058333
0 0.763281 0.691667 0.039062 0.058333
0 0.904687 0.728125 0.050000 0.052083
0 0.891406 0.106250 0.035937 0.050000