0 0.100000 0.116667 0.031250 0.029167
0 0.232031 0.123958 0.035937 0.039583
0 0.300781 0.264583 0.042188 0.050000
0 0.256250 0.439583 0.043750 0.050000
0 0.274219 0.680208 0.045312 0.052083
0 0.068750 0.667708 0.040625 0.056250
0 0.198437 0.808333 0.043750 0.045833
0 0.473438 0.618750 0.043750 0.037500
0 0.539062 0.543750 0.040625 0.037500
0 0.575781 0.617708 0.035937 0.039583
0 0.454688 0.328125 0.037500 0.047917
0 0.554688 0.330208 0.034375 0.043750
0 0.843750 0.468750 0.046875 0.045833
0 0.749219 0.571875 0.045312 0.047917
0 0.777344 0.702083 0.035937 0.054167
0 0.910156 0.744792 0.048438 0.052083
0 0.966406 0.466667 0.045312 0.041667
0 0.905469 0.118750 0.045312 0.037500