0 0.078906 0.116667 0.039062 0.045833
0 0.220312 0.121875 0.031250 0.047917
0 0.291406 0.260417 0.039062 0.045833
0 0.248438 0.439583 0.031250 0.054167
0 0.265625 0.678125 0.040625 0.056250
0 0.187500 0.806250 0.031250 0.054167
0 0.055469 0.679167 0.035937 0.054167
0 0.447656 0.331250 0.039062 0.045833
0 0.543750 0.330208 0.031250 0.047917
0 0.526563 0.539583 0.028125 0.045833
0 0.564844 0.613542 0.029687 0.043750
0 0.467969 0.609375 0.029687 0.043750
0 0.764062 0.689583 0.046875 0.045833
0 0.737500 0.568750 0.031250 0.045833
0 0.835156 0.467708 0.042188 0.060417
0 0.950000 0.448958 0.037500 0.039583
0 0.900781 0.730208 0.039062 0.047917
0 0.892188 0.104167 0.034375 0.045833