0 0.100781 0.122917 0.035937 0.029167
0 0.228906 0.123958 0.029687 0.035417
0 0.296875 0.262500 0.040625 0.045833
0 0.258594 0.446875 0.042188 0.056250
0 0.271094 0.678125 0.048438 0.056250
0 0.071094 0.670833 0.032813 0.050000
0 0.196094 0.805208 0.032813 0.043750
0 0.473438 0.612500 0.031250 0.037500
0 0.576562 0.623958 0.034375 0.039583
0 0.537500 0.547917 0.037500 0.029167
0 0.464844 0.339583 0.048438 0.041667
0 0.553906 0.336458 0.035937 0.047917
0 0.777344 0.702083 0.042188 0.045833
0 0.746875 0.572917 0.037500 0.041667
0 0.911719 0.731250 0.032813 0.045833
0 0.845313 0.475000 0.043750 0.045833
0 0.957031 0.462500 0.035937 0.050000
0 0.904687 0.118750 0.040625 0.037500