0 0.082031 0.117708 0.035937 0.039583
0 0.219531 0.119792 0.035937 0.043750
0 0.291406 0.260417 0.032813 0.058333
0 0.249219 0.437500 0.048438 0.062500
0 0.264844 0.676042 0.035937 0.052083
0 0.187500 0.811458 0.037500 0.060417
0 0.054688 0.677083 0.037500 0.054167
0 0.447656 0.327083 0.039062 0.041667
0 0.540625 0.328125 0.034375 0.052083
0 0.526563 0.530208 0.037500 0.052083
0 0.564063 0.609375 0.025000 0.056250
0 0.464844 0.608333 0.029687 0.041667
0 0.740625 0.566667 0.040625 0.041667
0 0.831250 0.467708 0.034375 0.064583
0 0.763281 0.690625 0.032813 0.064583
0 0.901563 0.722917 0.034375 0.054167
0 0.952344 0.448958 0.035937 0.047917
0 0.888281 0.108333 0.042188 0.041667