0 0.060937 0.130208 0.037500 0.047917
0 0.197656 0.136458 0.032813 0.047917
0 0.274219 0.266667 0.035937 0.066667
0 0.231250 0.450000 0.037500 0.054167
0 0.045312 0.698958 0.050000 0.056250
0 0.256250 0.684375 0.050000 0.060417
0 0.178125 0.809375 0.043750 0.047917
0 0.428906 0.326042 0.039062 0.043750
0 0.521875 0.321875 0.034375 0.039583
0 0.509375 0.533333 0.040625 0.041667
0 0.456250 0.606250 0.043750 0.050000
0 0.550000 0.603125 0.031250 0.043750
0 0.725000 0.559375 0.053125 0.052083
0 0.746875 0.683333 0.050000 0.058333
0 0.879687 0.706250 0.046875 0.054167
0 0.809375 0.455208 0.059375 0.064583
0 0.929688 0.441667 0.028125 0.041667
0 0.862500 0.095833 0.043750 0.037500