0 0.089063 0.131250 0.056250 0.050000
0 0.224219 0.132292 0.045312 0.056250
0 0.290625 0.262500 0.050000 0.062500
0 0.249219 0.443750 0.054688 0.062500
0 0.059375 0.682292 0.062500 0.052083
0 0.273438 0.675000 0.056250 0.050000
0 0.193750 0.811458 0.040625 0.043750
0 0.468750 0.612500 0.043750 0.050000
0 0.565625 0.616667 0.053125 0.050000
0 0.527344 0.543750 0.039062 0.050000
0 0.455469 0.334375 0.039062 0.043750
0 0.542969 0.328125 0.039062 0.043750
0 0.743750 0.562500 0.040625 0.050000
0 0.827344 0.459375 0.051562 0.056250
0 0.952344 0.444792 0.039062 0.052083
0 0.761719 0.693750 0.039062 0.062500
0 0.903125 0.721875 0.034375 0.068750
0 0.887500 0.105208 0.028125 0.052083