0 0.102344 0.119792 0.029687 0.043750
0 0.232813 0.129167 0.031250 0.045833
0 0.303125 0.261458 0.034375 0.043750
0 0.262500 0.440625 0.034375 0.052083
0 0.070312 0.677083 0.028125 0.045833
0 0.277344 0.681250 0.035937 0.050000
0 0.197656 0.808333 0.032813 0.054167
0 0.458594 0.333333 0.032813 0.041667
0 0.554688 0.332292 0.028125 0.043750
0 0.534375 0.546875 0.034375 0.027083
0 0.471875 0.618750 0.021875 0.045833
0 0.577344 0.625000 0.026562 0.033333
0 0.907813 0.121875 0.037500 0.035417
0 0.962500 0.463542 0.028125 0.039583
0 0.839844 0.473958 0.026562 0.039583
0 0.749219 0.572917 0.029687 0.037500
0 0.772656 0.704167 0.029687 0.041667
0 0.911719 0.739583 0.026562 0.037500