0 0.102344 0.120833 0.023438 0.050000
0 0.232031 0.121875 0.026562 0.039583
0 0.300000 0.263542 0.028125 0.035417
0 0.257812 0.440625 0.028125 0.043750
0 0.278906 0.682292 0.048438 0.060417
0 0.073438 0.678125 0.037500 0.043750
0 0.195312 0.810417 0.025000 0.054167
0 0.463281 0.332292 0.026562 0.039583
0 0.550000 0.330208 0.028125 0.047917
0 0.537500 0.544792 0.034375 0.035417
0 0.475781 0.617708 0.035937 0.039583
0 0.578906 0.627083 0.045312 0.045833
0 0.904687 0.121875 0.034375 0.052083
0 0.965625 0.460417 0.037500 0.045833
0 0.840625 0.476042 0.034375 0.043750
0 0.750781 0.570833 0.035937 0.037500
0 0.773438 0.705208 0.037500 0.035417
0 0.907813 0.742708 0.034375 0.043750