0 0.092188 0.133333 0.037500 0.041667
0 0.221094 0.134375 0.042188 0.047917
0 0.293750 0.267708 0.040625 0.068750
0 0.250781 0.453125 0.039062 0.060417
0 0.065625 0.686458 0.043750 0.039583
0 0.192188 0.811458 0.053125 0.052083
0 0.272656 0.681250 0.045312 0.054167
0 0.467969 0.617708 0.039062 0.039583
0 0.528906 0.543750 0.029687 0.045833
0 0.567969 0.614583 0.035937 0.045833
0 0.448437 0.334375 0.037500 0.047917
0 0.544531 0.327083 0.026562 0.054167
0 0.881250 0.109375 0.037500 0.060417
0 0.950000 0.451042 0.040625 0.052083
0 0.825000 0.464583 0.043750 0.058333
0 0.739062 0.561458 0.040625 0.039583
0 0.765625 0.689583 0.040625 0.041667
0 0.900781 0.725000 0.051562 0.054167