0 0.081250 0.117708 0.034375 0.035417
0 0.215625 0.117708 0.043750 0.043750
0 0.286719 0.261458 0.042188 0.047917
0 0.245312 0.437500 0.040625 0.066667
0 0.266406 0.673958 0.042188 0.072917
0 0.185156 0.807292 0.032813 0.064583
0 0.057031 0.678125 0.039062 0.060417
0 0.460938 0.606250 0.043750 0.045833
0 0.524219 0.534375 0.039062 0.043750
0 0.561719 0.614583 0.035937 0.045833
0 0.451562 0.328125 0.037500 0.052083
0 0.538281 0.328125 0.039062 0.052083
0 0.739844 0.562500 0.045312 0.058333
0 0.765625 0.692708 0.040625 0.052083
0 0.903906 0.725000 0.035937 0.058333
0 0.828906 0.463542 0.039062 0.060417
0 0.950781 0.453125 0.039062 0.064583
0 0.894531 0.108333 0.057813 0.050000