0 0.102344 0.119792 0.042188 0.052083
0 0.235156 0.121875 0.042188 0.052083
0 0.305469 0.261458 0.042188 0.052083
0 0.260156 0.434375 0.042188 0.052083
0 0.069531 0.665625 0.042188 0.052083
0 0.275781 0.676042 0.042188 0.052083
0 0.192969 0.807292 0.042188 0.052083
0 0.469531 0.617708 0.042188 0.052083
0 0.538281 0.544792 0.042188 0.052083
0 0.577344 0.621875 0.042188 0.052083
0 0.771094 0.703125 0.042188 0.052083
0 0.742969 0.576042 0.042188 0.052083
0 0.839844 0.471875 0.042188 0.052083
0 0.953906 0.461458 0.042188 0.052083
0 0.916406 0.742708 0.042188 0.052083
0 0.903906 0.121875 0.042188 0.052083
0 0.560156 0.326042 0.042188 0.052083
0 0.464844 0.323958 0.042188 0.052083