0 0.081250 0.118750 0.034375 0.050000
0 0.217188 0.118750 0.034375 0.045833
0 0.285156 0.256250 0.045312 0.058333
0 0.244531 0.434375 0.045312 0.060417
0 0.265625 0.676042 0.031250 0.052083
0 0.186719 0.805208 0.039062 0.047917
0 0.059375 0.677083 0.043750 0.058333
0 0.450781 0.327083 0.035937 0.050000
0 0.539062 0.323958 0.037500 0.047917
0 0.525781 0.541667 0.039062 0.050000
0 0.566406 0.619792 0.035937 0.043750
0 0.466406 0.609375 0.032813 0.043750
0 0.743750 0.566667 0.046875 0.058333
0 0.767188 0.692708 0.050000 0.052083
0 0.901563 0.729167 0.043750 0.054167
0 0.832812 0.473958 0.040625 0.072917
0 0.953125 0.451042 0.040625 0.056250
0 0.892188 0.109375 0.031250 0.060417