0 0.100000 0.119792 0.037500 0.043750
0 0.232813 0.120833 0.034375 0.045833
0 0.302344 0.262500 0.026562 0.050000
0 0.257812 0.438542 0.040625 0.047917
0 0.274219 0.676042 0.039062 0.047917
0 0.069531 0.671875 0.035937 0.039583
0 0.195312 0.807292 0.034375 0.056250
0 0.460938 0.334375 0.025000 0.039583
0 0.555469 0.334375 0.032813 0.043750
0 0.532813 0.544792 0.031250 0.039583
0 0.472656 0.614583 0.023438 0.029167
0 0.575781 0.623958 0.023438 0.039583
0 0.905469 0.129167 0.032813 0.050000
0 0.963281 0.464583 0.026562 0.041667
0 0.840625 0.475000 0.031250 0.033333
0 0.751563 0.579167 0.028125 0.045833
0 0.777344 0.710417 0.032813 0.045833
0 0.911719 0.738542 0.035937 0.043750