0 0.061719 0.133333 0.029687 0.045833
0 0.193750 0.129167 0.025000 0.041667
0 0.271094 0.264583 0.032813 0.037500
0 0.228125 0.451042 0.043750 0.047917
0 0.049219 0.689583 0.035937 0.050000
0 0.254688 0.684375 0.028125 0.043750
0 0.431250 0.325000 0.034375 0.037500
0 0.525000 0.321875 0.028125 0.035417
0 0.515625 0.534375 0.025000 0.031250
0 0.450000 0.605208 0.028125 0.039583
0 0.554688 0.609375 0.034375 0.031250
0 0.862500 0.093750 0.028125 0.041667
0 0.811719 0.452083 0.048438 0.037500
0 0.723437 0.558333 0.037500 0.041667
0 0.746875 0.679167 0.043750 0.029167
0 0.927344 0.435417 0.035937 0.041667
0 0.881250 0.703125 0.034375 0.035417