0 0.086719 0.131250 0.042188 0.045833
0 0.225781 0.138542 0.039062 0.039583
0 0.293750 0.268750 0.043750 0.045833
0 0.250000 0.450000 0.040625 0.045833
0 0.271875 0.683333 0.034375 0.054167
0 0.067969 0.691667 0.042188 0.041667
0 0.200000 0.808333 0.040625 0.050000
0 0.466406 0.612500 0.032813 0.058333
0 0.567969 0.613542 0.023438 0.052083
0 0.530469 0.542708 0.026562 0.052083
0 0.450000 0.336458 0.034375 0.043750
0 0.542188 0.330208 0.028125 0.047917
0 0.886719 0.110417 0.029687 0.045833
0 0.832812 0.473958 0.046875 0.052083
0 0.950781 0.454167 0.029687 0.054167
0 0.740625 0.566667 0.043750 0.045833
0 0.768750 0.692708 0.037500 0.039583
0 0.900000 0.722917 0.028125 0.050000