0 0.063281 0.129167 0.042188 0.041667
0 0.198437 0.128125 0.037500 0.043750
0 0.885156 0.707292 0.042188 0.064583
0 0.270313 0.268750 0.050000 0.062500
0 0.235156 0.450000 0.039062 0.066667
0 0.259375 0.682292 0.046875 0.056250
0 0.182812 0.812500 0.050000 0.070833
0 0.045312 0.693750 0.050000 0.054167
0 0.453906 0.608333 0.032813 0.041667
0 0.510156 0.532292 0.032813 0.043750
0 0.550781 0.607292 0.035937 0.052083
0 0.433594 0.329167 0.048438 0.050000
0 0.526563 0.333333 0.037500 0.062500
0 0.753125 0.681250 0.053125 0.058333
0 0.728906 0.554167 0.045312 0.062500
0 0.812500 0.454167 0.040625 0.058333
0 0.928125 0.438542 0.050000 0.056250
0 0.865625 0.103125 0.043750 0.056250