0 0.061719 0.128125 0.026562 0.039583
0 0.198437 0.131250 0.028125 0.045833
0 0.271094 0.264583 0.035937 0.045833
0 0.232031 0.441667 0.042188 0.066667
0 0.253906 0.681250 0.039062 0.054167
0 0.182812 0.818750 0.046875 0.045833
0 0.042969 0.696875 0.045312 0.043750
0 0.453125 0.611458 0.031250 0.060417
0 0.552344 0.615625 0.026562 0.043750
0 0.511719 0.540625 0.035937 0.056250
0 0.430469 0.330208 0.035937 0.043750
0 0.521875 0.318750 0.031250 0.058333
0 0.725781 0.557292 0.042188 0.035417
0 0.749219 0.682292 0.032813 0.043750
0 0.885938 0.710417 0.043750 0.045833
0 0.807813 0.455208 0.034375 0.052083
0 0.928906 0.432292 0.048438 0.052083
0 0.861719 0.096875 0.035937 0.056250