0 0.193750 0.132292 0.028125 0.047917
0 0.271094 0.269792 0.035937 0.035417
0 0.231250 0.447917 0.053125 0.037500
0 0.046094 0.691667 0.035937 0.041667
0 0.254688 0.679167 0.037500 0.041667
0 0.431250 0.332292 0.034375 0.043750
0 0.521875 0.318750 0.025000 0.041667
0 0.510938 0.534375 0.031250 0.031250
0 0.452344 0.606250 0.035937 0.033333
0 0.550000 0.606250 0.034375 0.033333
0 0.176563 0.812500 0.043750 0.050000
0 0.864844 0.096875 0.020313 0.039583
0 0.925000 0.432292 0.040625 0.043750
0 0.808594 0.452083 0.039062 0.050000
0 0.721875 0.551042 0.037500 0.043750
0 0.748437 0.678125 0.043750 0.043750
0 0.884375 0.710417 0.034375 0.062500
0 0.060937 0.133333 0.025000 0.041667