0 0.096875 0.115625 0.034375 0.031250
0 0.235937 0.125000 0.031250 0.033333
0 0.302344 0.260417 0.032813 0.045833
0 0.256250 0.437500 0.034375 0.041667
0 0.070312 0.671875 0.037500 0.047917
0 0.271094 0.679167 0.042188 0.033333
0 0.195312 0.803125 0.025000 0.052083
0 0.475000 0.613542 0.031250 0.039583
0 0.569531 0.616667 0.026562 0.045833
0 0.530469 0.543750 0.032813 0.033333
0 0.458594 0.326042 0.026562 0.047917
0 0.552344 0.328125 0.029687 0.052083
0 0.749219 0.569792 0.032813 0.047917
0 0.778906 0.706250 0.035937 0.045833
0 0.907031 0.738542 0.035937 0.043750
0 0.839063 0.477083 0.031250 0.054167
0 0.960156 0.458333 0.032813 0.045833
0 0.905469 0.115625 0.035937 0.039583