0 0.083594 0.116667 0.039062 0.045833
0 0.220312 0.116667 0.043750 0.045833
0 0.294531 0.261458 0.032813 0.056250
0 0.246875 0.439583 0.050000 0.054167
0 0.264062 0.678125 0.043750 0.068750
0 0.183594 0.813542 0.039062 0.039583
0 0.057031 0.679167 0.032813 0.054167
0 0.467969 0.613542 0.045312 0.043750
0 0.526563 0.542708 0.031250 0.052083
0 0.565625 0.614583 0.031250 0.045833
0 0.450000 0.325000 0.034375 0.045833
0 0.542969 0.330208 0.029687 0.052083
0 0.745313 0.571875 0.040625 0.052083
0 0.765625 0.690625 0.040625 0.052083
0 0.906250 0.730208 0.043750 0.056250
0 0.830469 0.468750 0.039062 0.045833
0 0.951562 0.451042 0.043750 0.056250
0 0.889844 0.108333 0.042188 0.050000