0 0.062500 0.132292 0.034375 0.047917
0 0.198437 0.130208 0.031250 0.039583
0 0.270313 0.266667 0.043750 0.045833
0 0.230469 0.446875 0.045312 0.039583
0 0.259375 0.684375 0.053125 0.072917
0 0.182031 0.814583 0.045312 0.058333
0 0.039844 0.700000 0.039062 0.062500
0 0.453906 0.611458 0.039062 0.064583
0 0.553125 0.614583 0.034375 0.058333
0 0.435156 0.332292 0.035937 0.047917
0 0.521094 0.319792 0.023438 0.056250
0 0.508594 0.534375 0.042188 0.043750
0 0.723437 0.557292 0.050000 0.043750
0 0.748437 0.679167 0.040625 0.050000
0 0.886719 0.702083 0.042188 0.058333
0 0.814063 0.457292 0.046875 0.060417
0 0.925000 0.433333 0.034375 0.054167
0 0.864062 0.100000 0.040625 0.037500