0 0.099219 0.121875 0.035937 0.031250
0 0.232031 0.127083 0.035937 0.033333
0 0.300000 0.262500 0.043750 0.050000
0 0.255469 0.440625 0.039062 0.043750
0 0.272656 0.667708 0.042188 0.052083
0 0.070312 0.666667 0.040625 0.058333
0 0.196094 0.806250 0.035937 0.033333
0 0.469531 0.610417 0.039062 0.041667
0 0.571875 0.618750 0.034375 0.037500
0 0.533594 0.545833 0.039062 0.041667
0 0.457813 0.328125 0.040625 0.039583
0 0.550000 0.329167 0.040625 0.041667
0 0.846094 0.470833 0.042188 0.054167
0 0.961719 0.459375 0.039062 0.039583
0 0.750781 0.568750 0.045312 0.045833
0 0.770312 0.697917 0.043750 0.054167
0 0.910156 0.731250 0.039062 0.041667
0 0.906250 0.118750 0.043750 0.045833