0 0.105469 0.114583 0.035937 0.058333
0 0.237500 0.127083 0.031250 0.058333
0 0.309375 0.262500 0.040625 0.066667
0 0.261719 0.447917 0.048438 0.062500
0 0.064844 0.673958 0.035937 0.064583
0 0.276562 0.679167 0.037500 0.054167
0 0.194531 0.801042 0.035937 0.047917
0 0.460156 0.330208 0.032813 0.047917
0 0.555469 0.331250 0.035937 0.050000
0 0.538281 0.542708 0.032813 0.052083
0 0.475781 0.616667 0.023438 0.054167
0 0.576562 0.620833 0.028125 0.054167
0 0.910156 0.112500 0.032813 0.041667
0 0.965625 0.459375 0.040625 0.039583
0 0.840625 0.468750 0.037500 0.033333
0 0.755469 0.573958 0.051562 0.031250
0 0.772656 0.700000 0.035937 0.041667
0 0.910937 0.738542 0.031250 0.056250