0 0.093750 0.134375 0.040625 0.056250
0 0.225000 0.134375 0.028125 0.039583
0 0.292187 0.272917 0.043750 0.045833
0 0.252344 0.451042 0.035937 0.052083
0 0.272656 0.682292 0.035937 0.056250
0 0.195312 0.813542 0.034375 0.052083
0 0.068750 0.690625 0.053125 0.043750
0 0.452344 0.331250 0.035937 0.050000
0 0.542969 0.334375 0.023438 0.052083
0 0.529687 0.545833 0.028125 0.041667
0 0.469531 0.612500 0.029687 0.058333
0 0.567969 0.612500 0.026562 0.050000
0 0.739844 0.570833 0.048438 0.041667
0 0.768750 0.691667 0.043750 0.050000
0 0.903125 0.722917 0.031250 0.058333
0 0.828906 0.467708 0.042188 0.064583
0 0.948438 0.451042 0.034375 0.052083
0 0.884375 0.114583 0.028125 0.045833