0 0.061719 0.132292 0.042188 0.052083
0 0.198437 0.130208 0.028125 0.052083
0 0.267969 0.266667 0.035937 0.050000
0 0.228125 0.441667 0.040625 0.050000
0 0.251563 0.681250 0.046875 0.062500
0 0.046094 0.701042 0.039062 0.039583
0 0.178125 0.813542 0.031250 0.043750
0 0.453125 0.608333 0.046875 0.054167
0 0.514062 0.539583 0.037500 0.054167
0 0.557031 0.608333 0.045312 0.050000
0 0.432812 0.327083 0.037500 0.037500
0 0.522656 0.322917 0.032813 0.045833
0 0.725000 0.559375 0.043750 0.039583
0 0.809375 0.452083 0.043750 0.045833
0 0.927344 0.439583 0.039062 0.045833
0 0.752344 0.681250 0.039062 0.041667
0 0.884375 0.707292 0.031250 0.047917
0 0.863281 0.101042 0.042188 0.039583