0 0.099219 0.112500 0.032813 0.041667
0 0.239063 0.121875 0.040625 0.047917
0 0.310156 0.262500 0.039062 0.058333
0 0.259375 0.440625 0.040625 0.052083
0 0.067969 0.670833 0.035937 0.062500
0 0.278125 0.673958 0.043750 0.047917
0 0.198437 0.807292 0.031250 0.064583
0 0.461719 0.328125 0.032813 0.047917
0 0.554688 0.332292 0.025000 0.064583
0 0.537500 0.543750 0.028125 0.050000
0 0.473438 0.608333 0.031250 0.033333
0 0.573438 0.613542 0.031250 0.035417
0 0.910156 0.116667 0.042188 0.045833
0 0.962500 0.464583 0.037500 0.054167
0 0.837500 0.472917 0.037500 0.050000
0 0.751563 0.573958 0.031250 0.047917
0 0.772656 0.709375 0.039062 0.064583
0 0.909375 0.743750 0.034375 0.066667