0 0.101562 0.115625 0.028125 0.039583
0 0.238281 0.118750 0.032813 0.045833
0 0.308594 0.258333 0.035937 0.054167
0 0.258594 0.442708 0.035937 0.047917
0 0.068750 0.676042 0.040625 0.056250
0 0.277344 0.675000 0.042188 0.058333
0 0.192969 0.805208 0.026562 0.056250
0 0.460938 0.333333 0.031250 0.054167
0 0.555469 0.328125 0.026562 0.043750
0 0.537500 0.541667 0.034375 0.050000
0 0.476562 0.611458 0.031250 0.052083
0 0.573438 0.619792 0.025000 0.056250
0 0.905469 0.114583 0.029687 0.054167
0 0.963281 0.460417 0.039062 0.041667
0 0.842969 0.468750 0.035937 0.050000
0 0.751563 0.570833 0.031250 0.045833
0 0.775781 0.703125 0.035937 0.047917
0 0.915625 0.737500 0.040625 0.054167