0 0.082031 0.118750 0.042188 0.041667
0 0.217969 0.119792 0.035937 0.039583
0 0.291406 0.256250 0.039062 0.058333
0 0.243750 0.434375 0.046875 0.064583
0 0.266406 0.676042 0.048438 0.060417
0 0.185938 0.804167 0.040625 0.070833
0 0.056250 0.675000 0.043750 0.070833
0 0.466406 0.608333 0.039062 0.033333
0 0.527344 0.540625 0.039062 0.052083
0 0.563281 0.607292 0.032813 0.043750
0 0.447656 0.322917 0.039062 0.045833
0 0.539844 0.320833 0.039062 0.062500
0 0.740625 0.557292 0.043750 0.056250
0 0.832031 0.468750 0.042188 0.054167
0 0.764844 0.685417 0.042188 0.054167
0 0.900000 0.728125 0.043750 0.052083
0 0.953906 0.455208 0.035937 0.064583
0 0.890625 0.102083 0.056250 0.050000