0 0.103125 0.126042 0.028125 0.043750
0 0.233594 0.130208 0.029687 0.047917
0 0.300000 0.262500 0.034375 0.050000
0 0.259375 0.442708 0.034375 0.047917
0 0.278906 0.676042 0.039062 0.043750
0 0.075000 0.671875 0.040625 0.043750
0 0.196094 0.810417 0.023438 0.041667
0 0.459375 0.330208 0.028125 0.043750
0 0.556250 0.332292 0.050000 0.039583
0 0.533594 0.545833 0.035937 0.041667
0 0.475781 0.613542 0.026562 0.039583
0 0.574219 0.620833 0.020313 0.029167
0 0.907813 0.122917 0.037500 0.050000
0 0.960938 0.465625 0.031250 0.052083
0 0.846094 0.477083 0.042188 0.041667
0 0.749219 0.578125 0.029687 0.043750
0 0.771875 0.709375 0.034375 0.043750
0 0.910937 0.753125 0.043750 0.072917