0 0.084375 0.121875 0.034375 0.060417
0 0.221875 0.123958 0.046875 0.043750
0 0.285156 0.259375 0.042188 0.056250
0 0.246094 0.435417 0.039062 0.058333
0 0.267188 0.669792 0.034375 0.077083
0 0.185938 0.809375 0.025000 0.056250
0 0.055469 0.677083 0.042188 0.045833
0 0.463281 0.611458 0.035937 0.039583
0 0.522656 0.540625 0.039062 0.043750
0 0.565625 0.611458 0.037500 0.039583
0 0.450000 0.331250 0.034375 0.041667
0 0.542188 0.321875 0.025000 0.047917
0 0.740625 0.560417 0.034375 0.050000
0 0.765625 0.688542 0.037500 0.056250
0 0.899219 0.722917 0.039062 0.062500
0 0.828125 0.465625 0.034375 0.047917
0 0.949219 0.447917 0.042188 0.050000
0 0.888281 0.110417 0.035937 0.045833