0 0.100781 0.125000 0.026562 0.033333
0 0.232813 0.122917 0.025000 0.033333
0 0.303906 0.266667 0.026562 0.037500
0 0.258594 0.440625 0.029687 0.043750
0 0.067187 0.672917 0.034375 0.033333
0 0.276562 0.679167 0.031250 0.045833
0 0.194531 0.812500 0.026562 0.041667
0 0.457813 0.331250 0.021875 0.025000
0 0.556250 0.329167 0.021875 0.037500
0 0.906250 0.120833 0.021875 0.029167
0 0.962500 0.461458 0.034375 0.031250
0 0.839844 0.480208 0.026562 0.039583
0 0.751563 0.572917 0.028125 0.041667
0 0.534375 0.551042 0.018750 0.031250
0 0.474219 0.616667 0.029687 0.041667
0 0.576562 0.622917 0.025000 0.037500
0 0.773438 0.706250 0.028125 0.037500
0 0.914062 0.738542 0.031250 0.039583