0 0.103906 0.115625 0.035937 0.047917
0 0.240625 0.118750 0.040625 0.041667
0 0.300000 0.251042 0.062500 0.072917
0 0.261719 0.415625 0.045312 0.085417
0 0.278125 0.659375 0.046875 0.077083
0 0.064062 0.662500 0.053125 0.062500
0 0.190625 0.794792 0.043750 0.068750
0 0.478906 0.603125 0.035937 0.052083
0 0.574219 0.612500 0.051562 0.045833
0 0.531250 0.525000 0.056250 0.058333
0 0.465625 0.326042 0.037500 0.085417
0 0.557031 0.321875 0.039062 0.056250
0 0.905469 0.114583 0.054688 0.045833
0 0.828125 0.479167 0.065625 0.054167
0 0.757812 0.569792 0.028125 0.056250
0 0.780469 0.706250 0.060937 0.075000
0 0.910937 0.739583 0.050000 0.054167
0 0.963281 0.458333 0.051562 0.050000