0 0.096094 0.115625 0.042188 0.047917
0 0.236719 0.118750 0.032813 0.050000
0 0.312500 0.257292 0.075000 0.039583
0 0.259375 0.422917 0.050000 0.066667
0 0.265625 0.666667 0.059375 0.091667
0 0.072656 0.668750 0.039062 0.066667
0 0.195312 0.802083 0.053125 0.045833
0 0.469531 0.608333 0.048438 0.045833
0 0.578906 0.615625 0.054688 0.052083
0 0.536719 0.525000 0.051562 0.066667
0 0.456250 0.329167 0.053125 0.045833
0 0.557813 0.325000 0.031250 0.058333
0 0.910937 0.117708 0.050000 0.043750
0 0.842969 0.464583 0.057813 0.066667
0 0.964844 0.452083 0.035937 0.054167
0 0.754687 0.575000 0.043750 0.062500
0 0.781250 0.696875 0.065625 0.072917
0 0.912500 0.733333 0.040625 0.058333