0 0.102344 0.122917 0.029687 0.041667
0 0.235156 0.127083 0.035937 0.041667
0 0.295312 0.260417 0.046875 0.050000
0 0.256250 0.441667 0.050000 0.037500
0 0.271094 0.676042 0.039062 0.039583
0 0.071875 0.677083 0.028125 0.041667
0 0.196875 0.802083 0.034375 0.037500
0 0.470313 0.612500 0.031250 0.041667
0 0.574219 0.619792 0.039062 0.043750
0 0.534375 0.543750 0.034375 0.037500
0 0.462500 0.329167 0.034375 0.050000
0 0.553906 0.331250 0.029687 0.050000
0 0.772656 0.698958 0.029687 0.047917
0 0.752344 0.573958 0.032813 0.047917
0 0.909375 0.737500 0.046875 0.045833
0 0.839063 0.472917 0.031250 0.045833
0 0.958594 0.462500 0.029687 0.045833
0 0.901563 0.113542 0.034375 0.047917