0 0.097656 0.120833 0.032813 0.045833
0 0.230469 0.122917 0.026562 0.041667
0 0.301563 0.259375 0.034375 0.056250
0 0.253906 0.441667 0.039062 0.041667
0 0.068750 0.670833 0.028125 0.037500
0 0.273438 0.679167 0.040625 0.041667
0 0.193750 0.800000 0.028125 0.050000
0 0.472656 0.616667 0.032813 0.033333
0 0.576562 0.618750 0.037500 0.037500
0 0.536719 0.545833 0.029687 0.029167
0 0.457813 0.334375 0.034375 0.035417
0 0.550781 0.332292 0.032813 0.043750
0 0.750781 0.576042 0.039062 0.035417
0 0.777344 0.703125 0.029687 0.047917
0 0.910156 0.741667 0.035937 0.050000
0 0.841406 0.476042 0.032813 0.043750
0 0.964063 0.466667 0.031250 0.033333
0 0.908594 0.117708 0.032813 0.035417