0 0.059375 0.127083 0.040625 0.041667
0 0.193750 0.128125 0.043750 0.056250
0 0.887500 0.702083 0.050000 0.079167
0 0.270313 0.262500 0.040625 0.054167
0 0.229687 0.441667 0.053125 0.066667
0 0.256250 0.682292 0.050000 0.060417
0 0.180469 0.817708 0.064062 0.068750
0 0.043750 0.694792 0.056250 0.056250
0 0.446094 0.605208 0.035937 0.047917
0 0.513281 0.532292 0.051562 0.039583
0 0.553906 0.608333 0.039062 0.045833
0 0.429688 0.329167 0.028125 0.045833
0 0.524219 0.322917 0.032813 0.041667
0 0.747656 0.678125 0.042188 0.052083
0 0.731250 0.554167 0.046875 0.045833
0 0.810937 0.450000 0.040625 0.041667
0 0.929688 0.431250 0.034375 0.066667
0 0.864062 0.098958 0.025000 0.047917