0 0.092188 0.131250 0.028125 0.050000
0 0.225000 0.133333 0.056250 0.037500
0 0.287500 0.261458 0.046875 0.056250
0 0.253125 0.444792 0.034375 0.064583
0 0.062500 0.683333 0.059375 0.041667
0 0.268750 0.679167 0.050000 0.058333
0 0.196875 0.809375 0.037500 0.043750
0 0.468750 0.614583 0.034375 0.050000
0 0.527344 0.540625 0.039062 0.043750
0 0.573438 0.616667 0.034375 0.058333
0 0.446875 0.330208 0.043750 0.056250
0 0.543750 0.325000 0.034375 0.062500
0 0.737500 0.564583 0.046875 0.050000
0 0.768750 0.693750 0.037500 0.045833
0 0.905469 0.719792 0.029687 0.060417
0 0.840625 0.469792 0.053125 0.060417
0 0.946875 0.443750 0.053125 0.058333
0 0.887500 0.109375 0.056250 0.043750