0 0.099219 0.117708 0.026562 0.027083
0 0.228906 0.123958 0.035937 0.022917
0 0.300781 0.260417 0.035937 0.037500
0 0.254688 0.442708 0.031250 0.035417
0 0.275781 0.682292 0.042188 0.035417
0 0.069531 0.677083 0.029687 0.037500
0 0.194531 0.804167 0.029687 0.037500
0 0.460156 0.332292 0.029687 0.031250
0 0.557813 0.331250 0.028125 0.033333
0 0.535937 0.547917 0.028125 0.037500
0 0.477344 0.613542 0.026562 0.035417
0 0.575781 0.619792 0.029687 0.031250
0 0.751563 0.580208 0.040625 0.031250
0 0.776563 0.709375 0.031250 0.035417
0 0.910156 0.738542 0.035937 0.035417
0 0.845313 0.479167 0.034375 0.033333
0 0.961719 0.461458 0.035937 0.039583
0 0.905469 0.119792 0.029687 0.035417