0 0.082031 0.121875 0.032813 0.043750
0 0.221875 0.119792 0.040625 0.039583
0 0.291406 0.259375 0.039062 0.060417
0 0.249219 0.438542 0.045312 0.056250
0 0.264844 0.669792 0.039062 0.060417
0 0.190625 0.805208 0.040625 0.056250
0 0.058594 0.680208 0.045312 0.060417
0 0.468750 0.609375 0.043750 0.043750
0 0.525000 0.538542 0.031250 0.056250
0 0.567187 0.614583 0.034375 0.045833
0 0.449219 0.327083 0.035937 0.045833
0 0.539844 0.322917 0.039062 0.041667
0 0.741406 0.564583 0.042188 0.054167
0 0.768750 0.693750 0.046875 0.054167
0 0.902344 0.721875 0.051562 0.064583
0 0.829688 0.467708 0.043750 0.060417
0 0.948438 0.442708 0.050000 0.052083
0 0.889844 0.107292 0.032813 0.052083