0 0.085156 0.119792 0.026562 0.056250
0 0.218750 0.115625 0.050000 0.047917
0 0.289062 0.264583 0.053125 0.045833
0 0.246094 0.438542 0.042188 0.056250
0 0.265625 0.675000 0.040625 0.062500
0 0.186719 0.807292 0.039062 0.060417
0 0.054688 0.680208 0.037500 0.064583
0 0.447656 0.323958 0.029687 0.047917
0 0.539062 0.328125 0.040625 0.052083
0 0.527344 0.537500 0.035937 0.054167
0 0.467187 0.613542 0.031250 0.043750
0 0.568750 0.614583 0.031250 0.050000
0 0.764844 0.695833 0.042188 0.050000
0 0.904687 0.721875 0.043750 0.056250
0 0.739844 0.560417 0.042188 0.050000
0 0.826562 0.463542 0.037500 0.056250
0 0.949219 0.444792 0.035937 0.052083
0 0.887500 0.105208 0.037500 0.056250