0 0.096094 0.113542 0.026562 0.039583
0 0.233594 0.121875 0.039062 0.031250
0 0.301563 0.259375 0.031250 0.043750
0 0.254688 0.439583 0.034375 0.050000
0 0.065625 0.668750 0.031250 0.041667
0 0.274219 0.672917 0.039062 0.037500
0 0.192969 0.804167 0.045312 0.041667
0 0.473438 0.611458 0.034375 0.039583
0 0.568750 0.613542 0.037500 0.043750
0 0.534375 0.542708 0.037500 0.043750
0 0.459375 0.334375 0.034375 0.043750
0 0.555469 0.334375 0.029687 0.039583
0 0.902344 0.117708 0.035937 0.039583
0 0.835938 0.463542 0.034375 0.043750
0 0.960938 0.463542 0.040625 0.043750
0 0.748437 0.567708 0.034375 0.039583
0 0.774219 0.703125 0.039062 0.043750
0 0.907813 0.735417 0.034375 0.045833