0 0.087500 0.125000 0.034375 0.050000
0 0.218750 0.132292 0.031250 0.047917
0 0.293750 0.262500 0.034375 0.062500
0 0.252344 0.448958 0.042188 0.068750
0 0.267188 0.677083 0.053125 0.054167
0 0.058594 0.682292 0.057813 0.043750
0 0.192188 0.806250 0.037500 0.050000
0 0.468750 0.615625 0.043750 0.056250
0 0.565625 0.609375 0.040625 0.043750
0 0.443750 0.333333 0.034375 0.041667
0 0.542969 0.329167 0.023438 0.050000
0 0.887500 0.116667 0.037500 0.062500
0 0.940625 0.446875 0.053125 0.056250
0 0.823438 0.463542 0.053125 0.068750
0 0.737500 0.567708 0.050000 0.031250
0 0.765625 0.700000 0.043750 0.062500
0 0.900000 0.721875 0.056250 0.068750