0 0.063281 0.125000 0.045312 0.045833
0 0.195312 0.128125 0.034375 0.052083
0 0.275000 0.259375 0.040625 0.060417
0 0.233594 0.446875 0.039062 0.060417
0 0.251563 0.680208 0.050000 0.052083
0 0.178906 0.811458 0.054688 0.043750
0 0.043750 0.691667 0.050000 0.050000
0 0.887500 0.708333 0.037500 0.062500
0 0.752344 0.689583 0.051562 0.058333
0 0.725000 0.554167 0.050000 0.045833
0 0.810156 0.453125 0.039062 0.060417
0 0.928125 0.438542 0.043750 0.068750
0 0.864844 0.105208 0.042188 0.056250
0 0.453906 0.607292 0.029687 0.047917
0 0.512500 0.537500 0.025000 0.045833
0 0.559375 0.604167 0.031250 0.058333
0 0.432812 0.331250 0.040625 0.062500
0 0.521875 0.321875 0.031250 0.056250