0 0.101562 0.121875 0.031250 0.047917
0 0.235937 0.135417 0.034375 0.050000
0 0.300000 0.262500 0.028125 0.045833
0 0.264062 0.440625 0.037500 0.052083
0 0.064844 0.667708 0.029687 0.043750
0 0.278906 0.685417 0.035937 0.054167
0 0.200000 0.808333 0.034375 0.045833
0 0.460156 0.333333 0.026562 0.045833
0 0.555469 0.334375 0.035937 0.043750
0 0.534375 0.553125 0.025000 0.039583
0 0.473438 0.613542 0.028125 0.031250
0 0.579688 0.628125 0.037500 0.043750
0 0.906250 0.118750 0.028125 0.041667
0 0.966406 0.465625 0.045312 0.043750
0 0.843750 0.483333 0.028125 0.045833
0 0.748437 0.573958 0.021875 0.039583
0 0.774219 0.701042 0.026562 0.039583
0 0.914844 0.745833 0.026562 0.045833