0 0.103125 0.117708 0.056250 0.064583
0 0.235937 0.121875 0.056250 0.064583
0 0.303125 0.261458 0.056250 0.064583
0 0.267188 0.436458 0.056250 0.064583
0 0.068750 0.678125 0.056250 0.064583
0 0.278125 0.678125 0.056250 0.064583
0 0.184375 0.805208 0.056250 0.064583
0 0.468750 0.623958 0.056250 0.064583
0 0.578125 0.628125 0.056250 0.064583
0 0.539062 0.546875 0.056250 0.064583
0 0.457813 0.338542 0.056250 0.064583
0 0.560937 0.340625 0.056250 0.064583
0 0.906250 0.121875 0.056250 0.064583
0 0.967187 0.459375 0.056250 0.064583
0 0.842187 0.467708 0.056250 0.064583
0 0.753125 0.569792 0.056250 0.064583
0 0.778125 0.692708 0.056250 0.064583
0 0.918750 0.748958 0.056250 0.064583