0 0.090625 0.133333 0.034375 0.062500
0 0.225000 0.126042 0.040625 0.043750
0 0.292969 0.265625 0.035937 0.052083
0 0.249219 0.448958 0.039062 0.052083
0 0.272656 0.681250 0.032813 0.054167
0 0.063281 0.687500 0.039062 0.054167
0 0.196094 0.813542 0.045312 0.052083
0 0.467969 0.615625 0.029687 0.043750
0 0.568750 0.617708 0.028125 0.047917
0 0.528125 0.544792 0.028125 0.052083
0 0.449219 0.333333 0.035937 0.050000
0 0.540625 0.330208 0.028125 0.047917
0 0.888281 0.112500 0.035937 0.054167
0 0.946875 0.450000 0.034375 0.054167
0 0.828906 0.465625 0.039062 0.052083
0 0.739062 0.567708 0.046875 0.043750
0 0.767188 0.691667 0.034375 0.054167
0 0.903125 0.725000 0.034375 0.045833