0 0.082031 0.118750 0.039062 0.050000
0 0.219531 0.121875 0.039062 0.047917
0 0.287500 0.259375 0.037500 0.052083
0 0.246875 0.436458 0.046875 0.056250
0 0.264844 0.669792 0.039062 0.064583
0 0.189062 0.810417 0.040625 0.058333
0 0.057031 0.678125 0.039062 0.056250
0 0.445312 0.323958 0.034375 0.047917
0 0.539844 0.320833 0.042188 0.050000
0 0.523438 0.538542 0.037500 0.043750
0 0.564844 0.617708 0.029687 0.039583
0 0.466406 0.610417 0.032813 0.054167
0 0.742969 0.564583 0.039062 0.041667
0 0.765625 0.695833 0.046875 0.045833
0 0.828125 0.467708 0.037500 0.060417
0 0.900000 0.725000 0.043750 0.050000
0 0.953125 0.448958 0.043750 0.052083
0 0.892188 0.107292 0.034375 0.039583