0 0.060937 0.125000 0.037500 0.058333
0 0.197656 0.129167 0.032813 0.058333
0 0.274219 0.263542 0.035937 0.056250
0 0.230469 0.441667 0.048438 0.075000
0 0.256250 0.681250 0.040625 0.066667
0 0.177344 0.806250 0.039062 0.058333
0 0.043750 0.690625 0.046875 0.060417
0 0.430469 0.320833 0.042188 0.050000
0 0.524219 0.323958 0.045312 0.060417
0 0.453906 0.604167 0.042188 0.045833
0 0.512500 0.533333 0.031250 0.054167
0 0.553125 0.607292 0.037500 0.056250
0 0.888281 0.707292 0.042188 0.068750
0 0.750781 0.675000 0.045312 0.058333
0 0.728125 0.555208 0.062500 0.052083
0 0.812500 0.453125 0.046875 0.064583
0 0.928906 0.431250 0.057813 0.045833
0 0.864062 0.101042 0.059375 0.052083