0 0.064062 0.132292 0.034375 0.043750
0 0.198437 0.129167 0.025000 0.033333
0 0.269531 0.263542 0.042188 0.043750
0 0.231250 0.446875 0.046875 0.052083
0 0.254688 0.680208 0.050000 0.056250
0 0.041406 0.691667 0.029687 0.050000
0 0.175781 0.811458 0.048438 0.052083
0 0.431250 0.326042 0.034375 0.043750
0 0.521875 0.320833 0.028125 0.045833
0 0.512500 0.535417 0.021875 0.045833
0 0.452344 0.609375 0.032813 0.043750
0 0.554688 0.610417 0.025000 0.050000
0 0.746094 0.676042 0.045312 0.039583
0 0.886719 0.707292 0.042188 0.052083
0 0.724219 0.558333 0.042188 0.041667
0 0.807813 0.453125 0.034375 0.056250
0 0.932031 0.436458 0.042188 0.056250
0 0.863281 0.102083 0.057813 0.037500