0 0.064844 0.134375 0.035937 0.052083
0 0.197656 0.126042 0.029687 0.047917
0 0.270313 0.260417 0.040625 0.050000
0 0.231250 0.443750 0.043750 0.062500
0 0.045312 0.693750 0.034375 0.041667
0 0.255469 0.680208 0.042188 0.052083
0 0.178125 0.806250 0.053125 0.062500
0 0.452344 0.610417 0.035937 0.041667
0 0.551562 0.611458 0.031250 0.043750
0 0.511719 0.536458 0.029687 0.047917
0 0.430469 0.326042 0.032813 0.047917
0 0.524219 0.320833 0.032813 0.050000
0 0.864844 0.100000 0.042188 0.045833
0 0.806250 0.450000 0.034375 0.050000
0 0.928125 0.436458 0.031250 0.056250
0 0.721094 0.560417 0.042188 0.050000
0 0.752344 0.680208 0.032813 0.047917
0 0.885938 0.711458 0.034375 0.047917