0 0.101562 0.115625 0.043750 0.052083
0 0.229687 0.119792 0.043750 0.052083
0 0.307812 0.261458 0.043750 0.052083
0 0.262500 0.426042 0.043750 0.052083
0 0.068750 0.671875 0.043750 0.052083
0 0.276562 0.678125 0.043750 0.052083
0 0.196875 0.813542 0.043750 0.052083
0 0.473438 0.626042 0.043750 0.052083
0 0.581250 0.630208 0.043750 0.052083
0 0.534375 0.544792 0.043750 0.052083
0 0.457813 0.321875 0.043750 0.052083
0 0.556250 0.326042 0.043750 0.052083
0 0.909375 0.742708 0.043750 0.052083
0 0.775000 0.703125 0.043750 0.052083
0 0.751563 0.565625 0.043750 0.052083
0 0.840625 0.465625 0.043750 0.052083
0 0.964063 0.471875 0.043750 0.052083
0 0.904687 0.119792 0.043750 0.052083