0 0.181250 0.814583 0.037500 0.054167
0 0.042969 0.688542 0.042188 0.047917
0 0.258594 0.683333 0.042188 0.058333
0 0.233594 0.444792 0.042188 0.060417
0 0.272656 0.260417 0.039062 0.066667
0 0.429688 0.323958 0.031250 0.047917
0 0.524219 0.322917 0.035937 0.037500
0 0.062500 0.129167 0.040625 0.054167
0 0.198437 0.119792 0.021875 0.052083
0 0.446875 0.602083 0.034375 0.041667
0 0.510938 0.529167 0.037500 0.050000
0 0.557813 0.605208 0.037500 0.039583
0 0.751563 0.671875 0.031250 0.060417
0 0.724219 0.553125 0.032813 0.047917
0 0.808594 0.448958 0.039062 0.047917
0 0.887500 0.707292 0.046875 0.060417
0 0.926562 0.432292 0.037500 0.064583
0 0.860938 0.094792 0.043750 0.052083