0 0.063281 0.128125 0.042188 0.064583
0 0.200000 0.128125 0.046875 0.047917
0 0.270313 0.261458 0.053125 0.060417
0 0.228906 0.448958 0.039062 0.064583
0 0.048438 0.695833 0.046875 0.041667
0 0.253906 0.678125 0.051562 0.064583
0 0.178125 0.808333 0.037500 0.062500
0 0.454688 0.610417 0.034375 0.054167
0 0.514844 0.531250 0.039062 0.054167
0 0.555469 0.610417 0.032813 0.045833
0 0.432812 0.326042 0.050000 0.043750
0 0.525781 0.316667 0.051562 0.045833
0 0.732031 0.557292 0.048438 0.047917
0 0.750781 0.678125 0.045312 0.052083
0 0.891406 0.711458 0.035937 0.085417
0 0.807031 0.447917 0.035937 0.058333
0 0.923438 0.436458 0.053125 0.060417
0 0.860938 0.098958 0.031250 0.060417