0 0.060937 0.131250 0.040625 0.058333
0 0.196875 0.130208 0.043750 0.052083
0 0.269531 0.264583 0.057813 0.058333
0 0.226562 0.442708 0.068750 0.060417
0 0.250000 0.684375 0.053125 0.056250
0 0.179688 0.816667 0.037500 0.058333
0 0.049219 0.692708 0.051562 0.060417
0 0.435937 0.332292 0.050000 0.052083
0 0.522656 0.320833 0.039062 0.041667
0 0.453125 0.605208 0.037500 0.047917
0 0.511719 0.533333 0.029687 0.050000
0 0.554688 0.605208 0.046875 0.047917
0 0.751563 0.682292 0.034375 0.052083
0 0.887500 0.711458 0.037500 0.056250
0 0.723437 0.556250 0.037500 0.054167
0 0.809375 0.455208 0.046875 0.064583
0 0.932031 0.432292 0.045312 0.060417
0 0.866406 0.101042 0.035937 0.060417