0 0.082031 0.117708 0.032813 0.047917
0 0.221094 0.126042 0.045312 0.052083
0 0.288281 0.260417 0.039062 0.058333
0 0.246094 0.441667 0.045312 0.054167
0 0.265625 0.681250 0.031250 0.041667
0 0.192969 0.809375 0.060937 0.060417
0 0.057813 0.682292 0.043750 0.047917
0 0.448437 0.327083 0.031250 0.050000
0 0.542969 0.332292 0.035937 0.052083
0 0.525781 0.541667 0.039062 0.050000
0 0.567187 0.612500 0.025000 0.050000
0 0.467969 0.608333 0.051562 0.045833
0 0.740625 0.563542 0.043750 0.043750
0 0.766406 0.689583 0.039062 0.058333
0 0.900000 0.725000 0.043750 0.050000
0 0.831250 0.467708 0.043750 0.064583
0 0.950000 0.445833 0.046875 0.058333
0 0.889844 0.105208 0.042188 0.056250