0 0.081250 0.115625 0.034375 0.039583
0 0.221875 0.118750 0.050000 0.050000
0 0.289844 0.261458 0.039062 0.068750
0 0.246094 0.437500 0.042188 0.054167
0 0.266406 0.672917 0.039062 0.058333
0 0.054688 0.677083 0.034375 0.050000
0 0.183594 0.802083 0.035937 0.050000
0 0.464062 0.602083 0.040625 0.045833
0 0.524219 0.538542 0.032813 0.043750
0 0.565625 0.611458 0.031250 0.039583
0 0.450000 0.326042 0.028125 0.047917
0 0.541406 0.325000 0.035937 0.045833
0 0.739844 0.561458 0.051562 0.052083
0 0.831250 0.459375 0.034375 0.047917
0 0.765625 0.689583 0.037500 0.058333
0 0.906250 0.725000 0.034375 0.050000
0 0.950781 0.446875 0.035937 0.060417
0 0.887500 0.108333 0.040625 0.050000