0 0.292969 0.269792 0.045312 0.052083
0 0.093750 0.128125 0.043750 0.056250
0 0.223438 0.128125 0.037500 0.064583
0 0.243750 0.445833 0.056250 0.062500
0 0.062500 0.679167 0.050000 0.058333
0 0.268750 0.679167 0.050000 0.054167
0 0.187500 0.806250 0.062500 0.050000
0 0.446875 0.328125 0.043750 0.043750
0 0.540625 0.326042 0.034375 0.052083
0 0.532813 0.542708 0.031250 0.052083
0 0.465625 0.609375 0.050000 0.043750
0 0.565625 0.609375 0.040625 0.056250
0 0.902344 0.720833 0.039062 0.062500
0 0.765625 0.688542 0.043750 0.060417
0 0.739844 0.563542 0.032813 0.043750
0 0.828125 0.463542 0.050000 0.068750
0 0.946875 0.448958 0.034375 0.056250
0 0.880469 0.111458 0.039062 0.056250