0 0.079687 0.114583 0.031250 0.045833
0 0.216406 0.120833 0.032813 0.041667
0 0.288281 0.253125 0.035937 0.064583
0 0.246094 0.439583 0.042188 0.062500
0 0.264844 0.676042 0.039062 0.060417
0 0.187500 0.810417 0.031250 0.054167
0 0.055469 0.681250 0.039062 0.062500
0 0.449219 0.321875 0.039062 0.052083
0 0.542969 0.328125 0.039062 0.052083
0 0.525781 0.539583 0.029687 0.058333
0 0.469531 0.610417 0.039062 0.058333
0 0.565625 0.609375 0.034375 0.056250
0 0.737500 0.563542 0.034375 0.047917
0 0.766406 0.690625 0.035937 0.060417
0 0.902344 0.723958 0.042188 0.064583
0 0.826562 0.462500 0.040625 0.058333
0 0.950781 0.447917 0.045312 0.054167
0 0.887500 0.112500 0.043750 0.054167