0 0.101562 0.117708 0.037500 0.052083
0 0.233594 0.115625 0.029687 0.047917
0 0.305469 0.261458 0.032813 0.060417
0 0.259375 0.436458 0.043750 0.047917
0 0.061719 0.672917 0.032813 0.058333
0 0.275781 0.672917 0.035937 0.050000
0 0.195312 0.805208 0.025000 0.056250
0 0.457031 0.328125 0.023438 0.043750
0 0.560937 0.333333 0.034375 0.058333
0 0.536719 0.543750 0.029687 0.054167
0 0.473438 0.614583 0.028125 0.050000
0 0.574219 0.616667 0.029687 0.041667
0 0.908594 0.115625 0.026562 0.047917
0 0.962500 0.462500 0.034375 0.058333
0 0.839844 0.470833 0.032813 0.045833
0 0.750000 0.572917 0.034375 0.045833
0 0.774219 0.700000 0.042188 0.045833
0 0.910937 0.737500 0.034375 0.054167