0 0.102344 0.118750 0.035937 0.029167
0 0.233594 0.121875 0.032813 0.043750
0 0.304688 0.264583 0.031250 0.037500
0 0.262500 0.443750 0.037500 0.045833
0 0.273438 0.679167 0.037500 0.054167
0 0.068750 0.677083 0.034375 0.041667
0 0.197656 0.795833 0.032813 0.041667
0 0.471875 0.612500 0.037500 0.033333
0 0.574219 0.619792 0.032813 0.039583
0 0.535156 0.548958 0.035937 0.039583
0 0.464062 0.334375 0.034375 0.039583
0 0.556250 0.331250 0.034375 0.041667
0 0.773438 0.703125 0.034375 0.043750
0 0.749219 0.576042 0.032813 0.043750
0 0.909375 0.735417 0.031250 0.050000
0 0.839063 0.472917 0.043750 0.041667
0 0.959375 0.463542 0.037500 0.039583
0 0.905469 0.118750 0.039062 0.041667