0 0.081250 0.125000 0.037500 0.050000
0 0.225000 0.127083 0.050000 0.058333
0 0.290625 0.268750 0.043750 0.050000
0 0.243750 0.442708 0.046875 0.056250
0 0.270313 0.681250 0.053125 0.062500
0 0.053125 0.688542 0.037500 0.056250
0 0.190625 0.810417 0.050000 0.058333
0 0.446875 0.331250 0.040625 0.050000
0 0.542969 0.329167 0.051562 0.041667
0 0.526563 0.540625 0.040625 0.052083
0 0.468750 0.613542 0.034375 0.047917
0 0.565625 0.612500 0.037500 0.050000
0 0.737500 0.561458 0.043750 0.043750
0 0.828125 0.459375 0.040625 0.056250
0 0.767188 0.687500 0.050000 0.062500
0 0.896875 0.712500 0.037500 0.054167
0 0.946094 0.446875 0.042188 0.056250
0 0.887500 0.108333 0.050000 0.062500