0 0.100781 0.114583 0.045312 0.033333
0 0.232813 0.118750 0.040625 0.050000
0 0.296875 0.254167 0.050000 0.075000
0 0.253125 0.439583 0.043750 0.062500
0 0.077344 0.670833 0.051562 0.062500
0 0.273438 0.682292 0.050000 0.052083
0 0.191406 0.800000 0.048438 0.058333
0 0.477344 0.608333 0.035937 0.050000
0 0.573438 0.618750 0.046875 0.041667
0 0.533594 0.538542 0.042188 0.052083
0 0.463281 0.327083 0.042188 0.066667
0 0.553906 0.322917 0.045312 0.058333
0 0.753125 0.573958 0.053125 0.056250
0 0.777344 0.702083 0.045312 0.054167
0 0.906250 0.732292 0.040625 0.056250
0 0.837500 0.476042 0.053125 0.064583
0 0.958594 0.461458 0.045312 0.052083
0 0.903906 0.119792 0.051562 0.052083