0 0.098437 0.117708 0.028125 0.039583
0 0.230469 0.120833 0.029687 0.045833
0 0.301563 0.258333 0.037500 0.066667
0 0.257812 0.439583 0.043750 0.058333
0 0.458594 0.327083 0.032813 0.041667
0 0.553125 0.329167 0.040625 0.041667
0 0.473438 0.607292 0.031250 0.043750
0 0.535937 0.541667 0.031250 0.045833
0 0.576562 0.618750 0.028125 0.037500
0 0.073438 0.669792 0.040625 0.047917
0 0.277344 0.681250 0.029687 0.054167
0 0.198437 0.796875 0.043750 0.047917
0 0.749219 0.573958 0.032813 0.043750
0 0.768750 0.696875 0.040625 0.052083
0 0.908594 0.739583 0.039062 0.050000
0 0.838281 0.475000 0.035937 0.054167
0 0.963281 0.460417 0.045312 0.054167
0 0.904687 0.119792 0.043750 0.056250