0 0.095312 0.114583 0.031250 0.037500
0 0.235937 0.126042 0.043750 0.035417
0 0.303906 0.259375 0.039062 0.052083
0 0.263281 0.438542 0.039062 0.052083
0 0.066406 0.680208 0.039062 0.052083
0 0.274219 0.681250 0.045312 0.041667
0 0.462500 0.321875 0.040625 0.035417
0 0.555469 0.328125 0.032813 0.043750
0 0.529687 0.539583 0.037500 0.045833
0 0.472656 0.606250 0.035937 0.037500
0 0.577344 0.621875 0.045312 0.043750
0 0.746094 0.575000 0.051562 0.050000
0 0.777344 0.690625 0.039062 0.043750
0 0.907813 0.731250 0.056250 0.041667
0 0.841406 0.475000 0.042188 0.050000
0 0.964844 0.458333 0.035937 0.054167
0 0.907031 0.113542 0.039062 0.043750
0 0.200000 0.802083 0.040625 0.045833