0 0.078906 0.116667 0.039062 0.045833
0 0.219531 0.120833 0.054688 0.050000
0 0.287500 0.253125 0.040625 0.056250
0 0.245312 0.436458 0.050000 0.064583
0 0.264062 0.673958 0.037500 0.060417
0 0.186719 0.809375 0.039062 0.060417
0 0.054688 0.679167 0.034375 0.054167
0 0.465625 0.609375 0.031250 0.047917
0 0.527344 0.536458 0.035937 0.039583
0 0.565625 0.612500 0.025000 0.050000
0 0.448437 0.326042 0.040625 0.043750
0 0.541406 0.323958 0.035937 0.047917
0 0.739062 0.557292 0.046875 0.056250
0 0.764844 0.687500 0.039062 0.054167
0 0.904687 0.726042 0.050000 0.060417
0 0.832031 0.469792 0.042188 0.047917
0 0.950000 0.446875 0.040625 0.052083
0 0.889844 0.104167 0.035937 0.045833