0 0.102344 0.110417 0.039062 0.054167
0 0.232031 0.125000 0.035937 0.058333
0 0.307031 0.257292 0.039062 0.056250
0 0.260156 0.438542 0.042188 0.064583
0 0.071094 0.676042 0.039062 0.060417
0 0.279687 0.672917 0.046875 0.050000
0 0.196094 0.805208 0.035937 0.060417
0 0.463281 0.334375 0.029687 0.056250
0 0.553906 0.334375 0.029687 0.060417
0 0.537500 0.544792 0.040625 0.052083
0 0.475781 0.610417 0.035937 0.045833
0 0.577344 0.618750 0.029687 0.045833
0 0.907813 0.114583 0.031250 0.037500
0 0.967187 0.469792 0.043750 0.060417
0 0.839844 0.470833 0.051562 0.070833
0 0.753906 0.578125 0.042188 0.047917
0 0.775781 0.701042 0.039062 0.056250
0 0.911719 0.736458 0.039062 0.047917