0 0.103906 0.121875 0.026562 0.027083
0 0.235156 0.122917 0.023438 0.033333
0 0.304688 0.263542 0.028125 0.035417
0 0.258594 0.440625 0.023438 0.031250
0 0.273438 0.677083 0.025000 0.029167
0 0.194531 0.807292 0.020313 0.039583
0 0.067969 0.670833 0.020313 0.037500
0 0.461719 0.332292 0.020313 0.027083
0 0.553125 0.331250 0.018750 0.029167
0 0.532813 0.544792 0.018750 0.022917
0 0.475781 0.612500 0.017188 0.029167
0 0.571094 0.620833 0.020313 0.025000
0 0.905469 0.119792 0.020313 0.027083
0 0.963281 0.462500 0.023438 0.037500
0 0.840625 0.470833 0.018750 0.025000
0 0.749219 0.575000 0.026562 0.025000
0 0.776563 0.704167 0.025000 0.029167
0 0.912500 0.738542 0.028125 0.035417