0 0.104688 0.118750 0.046875 0.058333
0 0.223438 0.122917 0.046875 0.058333
0 0.301563 0.260417 0.046875 0.058333
0 0.265625 0.437500 0.046875 0.058333
0 0.271875 0.666667 0.046875 0.058333
0 0.196875 0.804167 0.046875 0.058333
0 0.065625 0.677083 0.046875 0.058333
0 0.459375 0.333333 0.046875 0.058333
0 0.556250 0.322917 0.046875 0.058333
0 0.579688 0.627083 0.046875 0.058333
0 0.543750 0.539583 0.046875 0.058333
0 0.459375 0.622917 0.046875 0.058333
0 0.745313 0.577083 0.046875 0.058333
0 0.778125 0.714583 0.046875 0.058333
0 0.906250 0.737500 0.046875 0.058333
0 0.970313 0.470833 0.046875 0.058333
0 0.834375 0.485417 0.046875 0.058333
0 0.907813 0.122917 0.046875 0.058333