0 0.085156 0.122917 0.042188 0.041667
0 0.221875 0.120833 0.040625 0.041667
0 0.288281 0.255208 0.048438 0.056250
0 0.244531 0.440625 0.051562 0.056250
0 0.054688 0.677083 0.034375 0.058333
0 0.265625 0.678125 0.040625 0.047917
0 0.189844 0.805208 0.035937 0.068750
0 0.467969 0.606250 0.026562 0.041667
0 0.526563 0.541667 0.037500 0.045833
0 0.564063 0.613542 0.034375 0.047917
0 0.446875 0.323958 0.034375 0.043750
0 0.543750 0.325000 0.034375 0.045833
0 0.742188 0.560417 0.037500 0.054167
0 0.765625 0.686458 0.037500 0.064583
0 0.905469 0.730208 0.039062 0.047917
0 0.830469 0.464583 0.039062 0.054167
0 0.948438 0.447917 0.046875 0.045833
0 0.887500 0.110417 0.040625 0.062500