0 0.083594 0.119792 0.045312 0.047917
0 0.221094 0.116667 0.035937 0.033333
0 0.286719 0.260417 0.039062 0.045833
0 0.248438 0.442708 0.037500 0.052083
0 0.265625 0.675000 0.037500 0.066667
0 0.185156 0.808333 0.032813 0.054167
0 0.058594 0.681250 0.042188 0.062500
0 0.450781 0.322917 0.042188 0.041667
0 0.539844 0.325000 0.032813 0.045833
0 0.525000 0.539583 0.037500 0.054167
0 0.464844 0.609375 0.035937 0.043750
0 0.564844 0.610417 0.039062 0.041667
0 0.742188 0.567708 0.046875 0.035417
0 0.767188 0.692708 0.037500 0.052083
0 0.900000 0.725000 0.040625 0.058333
0 0.828906 0.464583 0.048438 0.058333
0 0.952344 0.451042 0.045312 0.060417
0 0.887500 0.108333 0.046875 0.062500