0 0.100000 0.118750 0.050000 0.050000
0 0.235937 0.108333 0.037500 0.054167
0 0.303125 0.261458 0.059375 0.085417
0 0.250000 0.432292 0.071875 0.064583
0 0.271875 0.657292 0.059375 0.081250
0 0.071094 0.664583 0.051562 0.058333
0 0.201563 0.794792 0.062500 0.068750
0 0.478125 0.606250 0.046875 0.050000
0 0.578906 0.612500 0.048438 0.050000
0 0.528125 0.536458 0.065625 0.060417
0 0.457813 0.327083 0.040625 0.054167
0 0.553125 0.323958 0.050000 0.052083
0 0.903125 0.122917 0.062500 0.054167
0 0.838281 0.467708 0.060937 0.068750
0 0.752344 0.575000 0.060937 0.058333
0 0.764062 0.694792 0.065625 0.056250
0 0.907031 0.735417 0.057813 0.062500
0 0.959375 0.456250 0.056250 0.058333