0 0.082031 0.112500 0.042188 0.041667
0 0.221875 0.116667 0.056250 0.033333
0 0.292187 0.256250 0.040625 0.050000
0 0.245312 0.439583 0.043750 0.045833
0 0.265625 0.673958 0.040625 0.060417
0 0.185938 0.808333 0.037500 0.054167
0 0.053906 0.687500 0.035937 0.054167
0 0.469531 0.613542 0.042188 0.047917
0 0.527344 0.543750 0.035937 0.041667
0 0.566406 0.615625 0.029687 0.052083
0 0.446875 0.327083 0.031250 0.041667
0 0.542188 0.325000 0.037500 0.045833
0 0.743750 0.569792 0.037500 0.052083
0 0.766406 0.691667 0.042188 0.054167
0 0.909375 0.732292 0.043750 0.052083
0 0.833594 0.470833 0.039062 0.062500
0 0.952344 0.450000 0.042188 0.062500
0 0.888281 0.108333 0.042188 0.050000