0 0.103906 0.122917 0.035937 0.037500
0 0.234375 0.126042 0.043750 0.047917
0 0.303125 0.261458 0.043750 0.060417
0 0.253906 0.436458 0.042188 0.060417
0 0.066406 0.670833 0.042188 0.062500
0 0.269531 0.678125 0.042188 0.056250
0 0.192188 0.796875 0.034375 0.060417
0 0.467187 0.607292 0.037500 0.047917
0 0.571094 0.616667 0.035937 0.050000
0 0.532813 0.538542 0.046875 0.047917
0 0.466406 0.330208 0.039062 0.056250
0 0.547656 0.323958 0.032813 0.043750
0 0.749219 0.572917 0.042188 0.045833
0 0.775781 0.698958 0.045312 0.052083
0 0.907813 0.736458 0.037500 0.056250
0 0.844531 0.469792 0.039062 0.047917
0 0.957812 0.461458 0.040625 0.043750
0 0.900781 0.113542 0.045312 0.047917