0 0.107031 0.120833 0.035937 0.054167
0 0.230469 0.127083 0.039062 0.041667
0 0.301563 0.265625 0.031250 0.043750
0 0.260156 0.442708 0.039062 0.072917
0 0.076563 0.675000 0.040625 0.045833
0 0.274219 0.681250 0.039062 0.050000
0 0.197656 0.806250 0.042188 0.062500
0 0.458594 0.339583 0.035937 0.058333
0 0.558594 0.336458 0.035937 0.056250
0 0.535937 0.542708 0.043750 0.043750
0 0.480469 0.617708 0.032813 0.047917
0 0.580469 0.628125 0.032813 0.052083
0 0.905469 0.125000 0.032813 0.045833
0 0.964844 0.461458 0.042188 0.039583
0 0.849219 0.472917 0.048438 0.054167
0 0.752344 0.573958 0.026562 0.052083
0 0.773438 0.708333 0.040625 0.066667
0 0.916406 0.742708 0.042188 0.047917