0 0.092969 0.134375 0.039062 0.047917
0 0.221875 0.131250 0.028125 0.050000
0 0.296094 0.267708 0.032813 0.043750
0 0.254688 0.443750 0.040625 0.054167
0 0.268750 0.681250 0.040625 0.054167
0 0.064844 0.683333 0.035937 0.041667
0 0.196875 0.811458 0.034375 0.043750
0 0.470313 0.616667 0.031250 0.045833
0 0.531250 0.542708 0.028125 0.052083
0 0.564844 0.615625 0.035937 0.052083
0 0.450000 0.331250 0.028125 0.041667
0 0.543750 0.323958 0.034375 0.056250
0 0.740625 0.562500 0.031250 0.045833
0 0.762500 0.685417 0.037500 0.058333
0 0.901563 0.717708 0.031250 0.068750
0 0.831250 0.473958 0.053125 0.056250
0 0.946875 0.447917 0.050000 0.050000
0 0.885938 0.116667 0.050000 0.058333