0 0.098437 0.116667 0.021875 0.041667
0 0.235156 0.123958 0.026562 0.043750
0 0.303125 0.259375 0.034375 0.035417
0 0.258594 0.441667 0.039062 0.050000
0 0.278906 0.678125 0.035937 0.043750
0 0.067969 0.672917 0.029687 0.050000
0 0.194531 0.807292 0.026562 0.052083
0 0.461719 0.337500 0.026562 0.054167
0 0.559375 0.336458 0.043750 0.056250
0 0.534375 0.543750 0.031250 0.045833
0 0.471875 0.613542 0.034375 0.043750
0 0.575781 0.623958 0.026562 0.047917
0 0.905469 0.123958 0.023438 0.052083
0 0.963281 0.461458 0.032813 0.047917
0 0.843750 0.476042 0.034375 0.039583
0 0.752344 0.573958 0.051562 0.039583
0 0.775781 0.700000 0.039062 0.037500
0 0.918750 0.742708 0.040625 0.047917