0 0.062500 0.123958 0.034375 0.052083
0 0.199219 0.131250 0.042188 0.050000
0 0.271875 0.263542 0.037500 0.064583
0 0.239063 0.450000 0.053125 0.070833
0 0.252344 0.672917 0.054688 0.062500
0 0.181250 0.813542 0.028125 0.056250
0 0.046875 0.691667 0.040625 0.050000
0 0.434375 0.320833 0.043750 0.050000
0 0.525000 0.317708 0.031250 0.056250
0 0.453125 0.613542 0.040625 0.039583
0 0.515625 0.529167 0.046875 0.041667
0 0.553906 0.611458 0.032813 0.052083
0 0.755469 0.679167 0.051562 0.050000
0 0.885938 0.701042 0.043750 0.060417
0 0.727344 0.554167 0.035937 0.045833
0 0.812500 0.446875 0.050000 0.047917
0 0.927344 0.432292 0.039062 0.060417
0 0.863281 0.096875 0.035937 0.047917