0 0.101562 0.117708 0.037500 0.047917
0 0.232031 0.125000 0.032813 0.037500
0 0.303125 0.256250 0.034375 0.062500
0 0.254688 0.436458 0.040625 0.052083
0 0.277344 0.680208 0.039062 0.064583
0 0.066406 0.669792 0.035937 0.047917
0 0.197656 0.802083 0.039062 0.062500
0 0.471875 0.613542 0.034375 0.047917
0 0.571875 0.616667 0.037500 0.045833
0 0.537500 0.547917 0.037500 0.041667
0 0.461719 0.331250 0.032813 0.054167
0 0.551562 0.333333 0.031250 0.041667
0 0.904687 0.115625 0.031250 0.035417
0 0.844531 0.471875 0.042188 0.043750
0 0.752344 0.578125 0.039062 0.039583
0 0.778125 0.698958 0.034375 0.047917
0 0.908594 0.733333 0.042188 0.054167
0 0.964063 0.466667 0.046875 0.054167