0 0.082031 0.121875 0.035937 0.039583
0 0.225781 0.122917 0.057813 0.045833
0 0.292187 0.265625 0.034375 0.056250
0 0.246875 0.437500 0.040625 0.041667
0 0.266406 0.677083 0.042188 0.050000
0 0.186719 0.810417 0.042188 0.045833
0 0.056250 0.681250 0.046875 0.054167
0 0.469531 0.612500 0.029687 0.041667
0 0.524219 0.539583 0.035937 0.045833
0 0.564063 0.613542 0.028125 0.035417
0 0.447656 0.321875 0.039062 0.052083
0 0.538281 0.321875 0.039062 0.043750
0 0.739844 0.564583 0.035937 0.041667
0 0.765625 0.693750 0.037500 0.045833
0 0.900000 0.731250 0.040625 0.050000
0 0.832031 0.461458 0.042188 0.052083
0 0.948438 0.446875 0.040625 0.052083
0 0.890625 0.111458 0.031250 0.060417