0 0.078906 0.116667 0.045312 0.045833
0 0.214844 0.111458 0.045312 0.052083
0 0.290625 0.260417 0.040625 0.058333
0 0.245312 0.434375 0.040625 0.068750
0 0.267188 0.675000 0.043750 0.062500
0 0.189062 0.801042 0.040625 0.064583
0 0.057031 0.676042 0.042188 0.060417
0 0.447656 0.321875 0.039062 0.052083
0 0.542188 0.321875 0.046875 0.052083
0 0.526563 0.535417 0.037500 0.054167
0 0.565625 0.608333 0.037500 0.058333
0 0.465625 0.607292 0.031250 0.060417
0 0.739062 0.564583 0.040625 0.045833
0 0.768750 0.689583 0.046875 0.070833
0 0.900781 0.725000 0.045312 0.062500
0 0.832031 0.468750 0.051562 0.058333
0 0.950781 0.445833 0.048438 0.058333
0 0.889062 0.100000 0.040625 0.054167