0 0.064844 0.133333 0.029687 0.058333
0 0.196094 0.130208 0.020313 0.043750
0 0.267969 0.267708 0.039062 0.052083
0 0.230469 0.444792 0.035937 0.052083
0 0.253906 0.684375 0.035937 0.039583
0 0.178906 0.812500 0.039062 0.054167
0 0.043750 0.697917 0.028125 0.050000
0 0.432031 0.328125 0.029687 0.047917
0 0.525000 0.322917 0.028125 0.037500
0 0.514062 0.537500 0.034375 0.033333
0 0.452344 0.607292 0.039062 0.047917
0 0.552344 0.609375 0.032813 0.043750
0 0.719531 0.557292 0.039062 0.039583
0 0.748437 0.684375 0.050000 0.052083
0 0.883594 0.705208 0.035937 0.039583
0 0.929688 0.439583 0.028125 0.045833
0 0.862500 0.098958 0.031250 0.052083