0 0.084375 0.123958 0.043750 0.056250
0 0.221875 0.131250 0.050000 0.050000
0 0.296094 0.266667 0.035937 0.066667
0 0.253125 0.447917 0.040625 0.054167
0 0.271094 0.678125 0.054688 0.043750
0 0.061719 0.687500 0.039062 0.062500
0 0.192188 0.806250 0.056250 0.050000
0 0.470313 0.614583 0.040625 0.037500
0 0.564063 0.614583 0.040625 0.037500
0 0.450000 0.332292 0.031250 0.052083
0 0.542188 0.332292 0.025000 0.056250
0 0.737500 0.563542 0.040625 0.047917
0 0.824219 0.465625 0.039062 0.043750
0 0.950000 0.445833 0.040625 0.050000
0 0.768750 0.693750 0.050000 0.050000
0 0.900000 0.723958 0.037500 0.056250
0 0.886719 0.106250 0.045312 0.050000