0 0.100000 0.117708 0.021875 0.022917
0 0.234375 0.123958 0.028125 0.027083
0 0.301563 0.261458 0.028125 0.035417
0 0.262500 0.437500 0.031250 0.025000
0 0.271094 0.682292 0.023438 0.043750
0 0.065625 0.672917 0.021875 0.025000
0 0.193750 0.805208 0.012500 0.027083
0 0.463281 0.332292 0.017188 0.027083
0 0.558594 0.328125 0.020313 0.031250
0 0.535937 0.546875 0.015625 0.022917
0 0.475781 0.613542 0.020313 0.022917
0 0.575000 0.628125 0.021875 0.035417
0 0.907031 0.120833 0.023438 0.033333
0 0.971094 0.457292 0.035937 0.022917
0 0.842187 0.478125 0.018750 0.022917
0 0.751563 0.569792 0.018750 0.022917
0 0.775000 0.705208 0.012500 0.043750
0 0.914844 0.739583 0.010937 0.041667