0 0.095312 0.115625 0.037500 0.039583
0 0.234375 0.125000 0.046875 0.033333
0 0.304688 0.257292 0.046875 0.035417
0 0.253906 0.438542 0.039062 0.056250
0 0.068750 0.661458 0.040625 0.064583
0 0.269531 0.673958 0.045312 0.056250
0 0.192969 0.791667 0.051562 0.062500
0 0.474219 0.608333 0.035937 0.050000
0 0.466406 0.334375 0.032813 0.043750
0 0.535156 0.541667 0.035937 0.045833
0 0.573438 0.616667 0.034375 0.045833
0 0.552344 0.333333 0.032813 0.050000
0 0.750781 0.568750 0.048438 0.050000
0 0.773438 0.697917 0.037500 0.058333
0 0.911719 0.736458 0.054688 0.047917
0 0.840625 0.472917 0.040625 0.054167
0 0.964844 0.460417 0.032813 0.050000
0 0.900000 0.116667 0.037500 0.054167