0 0.083594 0.120833 0.039062 0.041667
0 0.217188 0.120833 0.043750 0.041667
0 0.289844 0.261458 0.042188 0.047917
0 0.248438 0.435417 0.040625 0.058333
0 0.267969 0.678125 0.051562 0.043750
0 0.187500 0.811458 0.034375 0.064583
0 0.054688 0.677083 0.043750 0.045833
0 0.449219 0.328125 0.039062 0.039583
0 0.543750 0.326042 0.034375 0.056250
0 0.527344 0.542708 0.035937 0.052083
0 0.569531 0.614583 0.039062 0.045833
0 0.465625 0.607292 0.034375 0.056250
0 0.738281 0.563542 0.039062 0.047917
0 0.766406 0.688542 0.042188 0.064583
0 0.903125 0.730208 0.050000 0.068750
0 0.830469 0.468750 0.042188 0.058333
0 0.953125 0.444792 0.043750 0.060417
0 0.891406 0.106250 0.042188 0.062500