0 0.061719 0.129167 0.048438 0.050000
0 0.195312 0.133333 0.040625 0.054167
0 0.267188 0.263542 0.043750 0.060417
0 0.228906 0.446875 0.042188 0.064583
0 0.039844 0.686458 0.048438 0.052083
0 0.256250 0.679167 0.043750 0.045833
0 0.183594 0.810417 0.048438 0.050000
0 0.432031 0.332292 0.032813 0.052083
0 0.521875 0.321875 0.025000 0.052083
0 0.453125 0.612500 0.025000 0.062500
0 0.512500 0.540625 0.043750 0.052083
0 0.548438 0.610417 0.046875 0.045833
0 0.882812 0.705208 0.050000 0.052083
0 0.749219 0.688542 0.051562 0.060417
0 0.723437 0.555208 0.034375 0.047917
0 0.814844 0.459375 0.067187 0.064583
0 0.932031 0.439583 0.045312 0.054167
0 0.860938 0.093750 0.031250 0.075000