0 0.082031 0.117708 0.048438 0.043750
0 0.226562 0.118750 0.056250 0.033333
0 0.289062 0.258333 0.040625 0.062500
0 0.249219 0.443750 0.048438 0.070833
0 0.266406 0.678125 0.048438 0.056250
0 0.187500 0.813542 0.037500 0.052083
0 0.058594 0.688542 0.045312 0.047917
0 0.467969 0.609375 0.045312 0.043750
0 0.528125 0.543750 0.034375 0.037500
0 0.565625 0.617708 0.034375 0.039583
0 0.448437 0.327083 0.037500 0.045833
0 0.543750 0.331250 0.040625 0.066667
0 0.745313 0.567708 0.043750 0.035417
0 0.764844 0.692708 0.039062 0.064583
0 0.903125 0.727083 0.037500 0.050000
0 0.836719 0.472917 0.051562 0.054167
0 0.953906 0.454167 0.039062 0.062500
0 0.892969 0.110417 0.039062 0.045833