0 0.102344 0.125000 0.023438 0.029167
0 0.235937 0.131250 0.025000 0.033333
0 0.300781 0.262500 0.023438 0.050000
0 0.267188 0.441667 0.028125 0.041667
0 0.271875 0.672917 0.025000 0.033333
0 0.071875 0.669792 0.034375 0.031250
0 0.200000 0.806250 0.015625 0.045833
0 0.464844 0.346875 0.023438 0.052083
0 0.554688 0.333333 0.025000 0.025000
0 0.534375 0.543750 0.021875 0.020833
0 0.475000 0.613542 0.018750 0.022917
0 0.574219 0.620833 0.010937 0.020833
0 0.906250 0.122917 0.012500 0.041667
0 0.843750 0.471875 0.025000 0.022917
0 0.964844 0.460417 0.023438 0.029167
0 0.750781 0.573958 0.029687 0.027083
0 0.775000 0.706250 0.012500 0.020833
0 0.911719 0.740625 0.014063 0.022917