0 0.097656 0.120833 0.042188 0.037500
0 0.232031 0.122917 0.032813 0.037500
0 0.303906 0.262500 0.035937 0.037500
0 0.255469 0.434375 0.042188 0.039583
0 0.069531 0.670833 0.039062 0.045833
0 0.269531 0.683333 0.054688 0.054167
0 0.187500 0.792708 0.050000 0.052083
0 0.474219 0.614583 0.042188 0.054167
0 0.573438 0.621875 0.031250 0.035417
0 0.539062 0.542708 0.040625 0.052083
0 0.465625 0.335417 0.043750 0.041667
0 0.551562 0.330208 0.040625 0.047917
0 0.746094 0.580208 0.042188 0.039583
0 0.778906 0.695833 0.042188 0.058333
0 0.902344 0.735417 0.048438 0.054167
0 0.836719 0.472917 0.045312 0.045833
0 0.963281 0.463542 0.042188 0.052083
0 0.906250 0.115625 0.037500 0.047917