0 0.066406 0.129167 0.035937 0.054167
0 0.193750 0.125000 0.040625 0.062500
0 0.270313 0.264583 0.040625 0.062500
0 0.231250 0.450000 0.062500 0.054167
0 0.252344 0.681250 0.042188 0.062500
0 0.046875 0.691667 0.053125 0.054167
0 0.182031 0.810417 0.042188 0.062500
0 0.427344 0.328125 0.032813 0.056250
0 0.523438 0.318750 0.040625 0.062500
0 0.514062 0.536458 0.034375 0.047917
0 0.450781 0.607292 0.042188 0.052083
0 0.550781 0.608333 0.039062 0.054167
0 0.868750 0.102083 0.046875 0.050000
0 0.927344 0.434375 0.035937 0.052083
0 0.805469 0.450000 0.048438 0.062500
0 0.725781 0.557292 0.057813 0.060417
0 0.752344 0.688542 0.039062 0.072917
0 0.888281 0.711458 0.045312 0.056250