0 0.103125 0.116667 0.025000 0.045833
0 0.235937 0.130208 0.034375 0.039583
0 0.307031 0.264583 0.035937 0.070833
0 0.263281 0.440625 0.039062 0.052083
0 0.071094 0.672917 0.029687 0.045833
0 0.277344 0.679167 0.029687 0.045833
0 0.199219 0.805208 0.032813 0.052083
0 0.465625 0.334375 0.037500 0.043750
0 0.560156 0.334375 0.035937 0.039583
0 0.532031 0.543750 0.035937 0.029167
0 0.477344 0.618750 0.029687 0.045833
0 0.578125 0.622917 0.037500 0.033333
0 0.907813 0.123958 0.031250 0.047917
0 0.966406 0.462500 0.042188 0.054167
0 0.844531 0.483333 0.029687 0.058333
0 0.750781 0.572917 0.035937 0.045833
0 0.775000 0.701042 0.043750 0.035417
0 0.914062 0.739583 0.050000 0.054167