0 0.081250 0.116667 0.034375 0.045833
0 0.219531 0.121875 0.045312 0.052083
0 0.288281 0.256250 0.042188 0.054167
0 0.246875 0.443750 0.046875 0.050000
0 0.264844 0.679167 0.035937 0.058333
0 0.185938 0.806250 0.037500 0.050000
0 0.056250 0.681250 0.046875 0.054167
0 0.448437 0.325000 0.037500 0.045833
0 0.542969 0.323958 0.039062 0.056250
0 0.525781 0.537500 0.048438 0.050000
0 0.566406 0.611458 0.029687 0.052083
0 0.467187 0.612500 0.043750 0.054167
0 0.739062 0.562500 0.040625 0.058333
0 0.765625 0.688542 0.040625 0.047917
0 0.903906 0.728125 0.032813 0.052083
0 0.830469 0.465625 0.039062 0.060417
0 0.950000 0.443750 0.050000 0.054167
0 0.886719 0.104167 0.039062 0.050000