0 0.098437 0.112500 0.034375 0.054167
0 0.232813 0.117708 0.028125 0.043750
0 0.304688 0.261458 0.031250 0.052083
0 0.260156 0.435417 0.032813 0.054167
0 0.065625 0.668750 0.028125 0.054167
0 0.272656 0.676042 0.035937 0.060417
0 0.195312 0.806250 0.031250 0.058333
0 0.460156 0.330208 0.035937 0.052083
0 0.556250 0.330208 0.034375 0.047917
0 0.535156 0.538542 0.026562 0.039583
0 0.477344 0.615625 0.032813 0.047917
0 0.575781 0.621875 0.029687 0.052083
0 0.907031 0.115625 0.035937 0.056250
0 0.964844 0.460417 0.035937 0.037500
0 0.839063 0.476042 0.031250 0.039583
0 0.748437 0.573958 0.031250 0.039583
0 0.771094 0.702083 0.032813 0.033333
0 0.912500 0.736458 0.034375 0.047917