0 0.064844 0.131250 0.026562 0.045833
0 0.199219 0.133333 0.032813 0.050000
0 0.270313 0.260417 0.053125 0.045833
0 0.233594 0.444792 0.042188 0.060417
0 0.251563 0.681250 0.050000 0.050000
0 0.048438 0.688542 0.050000 0.056250
0 0.178125 0.809375 0.037500 0.060417
0 0.453906 0.610417 0.029687 0.045833
0 0.515625 0.534375 0.031250 0.047917
0 0.549219 0.605208 0.042188 0.043750
0 0.432031 0.329167 0.032813 0.066667
0 0.526563 0.318750 0.040625 0.045833
0 0.726562 0.560417 0.050000 0.041667
0 0.753125 0.685417 0.040625 0.054167
0 0.884375 0.710417 0.050000 0.054167
0 0.806250 0.447917 0.046875 0.050000
0 0.929688 0.431250 0.043750 0.058333
0 0.862500 0.111458 0.059375 0.060417