0 0.081250 0.125000 0.034375 0.037500
0 0.220312 0.126042 0.043750 0.043750
0 0.287500 0.269792 0.037500 0.052083
0 0.246094 0.446875 0.042188 0.047917
0 0.057031 0.686458 0.042188 0.047917
0 0.268750 0.686458 0.040625 0.052083
0 0.186719 0.810417 0.035937 0.045833
0 0.465625 0.616667 0.037500 0.037500
0 0.565625 0.616667 0.028125 0.037500
0 0.525000 0.544792 0.034375 0.035417
0 0.450000 0.332292 0.034375 0.039583
0 0.542969 0.330208 0.029687 0.047917
0 0.831250 0.466667 0.037500 0.045833
0 0.743750 0.572917 0.037500 0.050000
0 0.763281 0.700000 0.042188 0.050000
0 0.907813 0.726042 0.034375 0.064583
0 0.950000 0.452083 0.043750 0.045833
0 0.892969 0.112500 0.045312 0.050000