0 0.061719 0.131250 0.051562 0.050000
0 0.198437 0.126042 0.046875 0.056250
0 0.272656 0.263542 0.048438 0.056250
0 0.232031 0.442708 0.051562 0.064583
0 0.256250 0.684375 0.050000 0.047917
0 0.181250 0.813542 0.062500 0.056250
0 0.040625 0.689583 0.056250 0.058333
0 0.453125 0.609375 0.037500 0.047917
0 0.514062 0.533333 0.059375 0.045833
0 0.554688 0.602083 0.050000 0.041667
0 0.435156 0.327083 0.051562 0.058333
0 0.523438 0.322917 0.040625 0.045833
0 0.753125 0.683333 0.046875 0.041667
0 0.725000 0.553125 0.046875 0.056250
0 0.809375 0.448958 0.062500 0.060417
0 0.891406 0.706250 0.045312 0.045833
0 0.928906 0.430208 0.045312 0.077083
0 0.871094 0.092708 0.060937 0.047917