0 0.060156 0.131250 0.026562 0.050000
0 0.196875 0.132292 0.040625 0.056250
0 0.269531 0.259375 0.045312 0.068750
0 0.232031 0.444792 0.042188 0.060417
0 0.251563 0.678125 0.037500 0.056250
0 0.042188 0.687500 0.053125 0.054167
0 0.175000 0.808333 0.040625 0.058333
0 0.428906 0.330208 0.035937 0.047917
0 0.525781 0.325000 0.042188 0.050000
0 0.513281 0.536458 0.023438 0.052083
0 0.451562 0.609375 0.031250 0.035417
0 0.550781 0.609375 0.035937 0.043750
0 0.720313 0.556250 0.043750 0.050000
0 0.747656 0.678125 0.042188 0.047917
0 0.882812 0.708333 0.037500 0.054167
0 0.806250 0.448958 0.037500 0.064583
0 0.926562 0.439583 0.046875 0.058333
0 0.868750 0.103125 0.037500 0.068750