0 0.062500 0.132292 0.025000 0.052083
0 0.198437 0.133333 0.028125 0.058333
0 0.271875 0.263542 0.043750 0.060417
0 0.228125 0.446875 0.040625 0.052083
0 0.046875 0.693750 0.040625 0.050000
0 0.175000 0.810417 0.037500 0.054167
0 0.256250 0.682292 0.031250 0.047917
0 0.430469 0.325000 0.026562 0.041667
0 0.524219 0.320833 0.029687 0.041667
0 0.514062 0.535417 0.040625 0.050000
0 0.450781 0.608333 0.032813 0.050000
0 0.549219 0.607292 0.032813 0.056250
0 0.751563 0.683333 0.031250 0.058333
0 0.724219 0.560417 0.042188 0.058333
0 0.807813 0.456250 0.037500 0.045833
0 0.925000 0.426042 0.040625 0.056250
0 0.886719 0.711458 0.026562 0.072917
0 0.859375 0.095833 0.037500 0.054167