0 0.096094 0.115625 0.029687 0.039583
0 0.236719 0.126042 0.042188 0.035417
0 0.301563 0.258333 0.031250 0.045833
0 0.253125 0.439583 0.034375 0.037500
0 0.271094 0.670833 0.042188 0.045833
0 0.071094 0.670833 0.032813 0.062500
0 0.191406 0.802083 0.032813 0.045833
0 0.471875 0.616667 0.031250 0.041667
0 0.578125 0.615625 0.040625 0.047917
0 0.534375 0.543750 0.028125 0.037500
0 0.460938 0.330208 0.028125 0.052083
0 0.549219 0.331250 0.029687 0.050000
0 0.750781 0.576042 0.029687 0.043750
0 0.771094 0.695833 0.029687 0.050000
0 0.910937 0.739583 0.034375 0.041667
0 0.838281 0.476042 0.045312 0.047917
0 0.961719 0.467708 0.029687 0.039583
0 0.902344 0.120833 0.035937 0.041667