0 0.062500 0.121875 0.025000 0.039583
0 0.193750 0.125000 0.034375 0.037500
0 0.267969 0.265625 0.042188 0.052083
0 0.228125 0.440625 0.043750 0.043750
0 0.042969 0.687500 0.042188 0.045833
0 0.254688 0.681250 0.040625 0.054167
0 0.178125 0.806250 0.043750 0.050000
0 0.431250 0.328125 0.043750 0.035417
0 0.521875 0.321875 0.031250 0.043750
0 0.512500 0.535417 0.034375 0.041667
0 0.450000 0.608333 0.043750 0.037500
0 0.550000 0.610417 0.037500 0.041667
0 0.812500 0.451042 0.043750 0.043750
0 0.721875 0.553125 0.050000 0.039583
0 0.751563 0.678125 0.046875 0.047917
0 0.928125 0.433333 0.050000 0.050000
0 0.860938 0.089583 0.028125 0.037500
0 0.881250 0.704167 0.031250 0.058333