0 0.098437 0.111458 0.031250 0.039583
0 0.230469 0.121875 0.029687 0.056250
0 0.304688 0.259375 0.037500 0.056250
0 0.260937 0.440625 0.040625 0.047917
0 0.066406 0.669792 0.042188 0.060417
0 0.196875 0.801042 0.034375 0.052083
0 0.273438 0.671875 0.037500 0.047917
0 0.475781 0.616667 0.032813 0.058333
0 0.533594 0.537500 0.032813 0.041667
0 0.575781 0.614583 0.026562 0.041667
0 0.460938 0.328125 0.034375 0.035417
0 0.557813 0.329167 0.031250 0.050000
0 0.910937 0.113542 0.034375 0.039583
0 0.961719 0.462500 0.035937 0.058333
0 0.837500 0.471875 0.034375 0.052083
0 0.751563 0.573958 0.031250 0.043750
0 0.775781 0.700000 0.032813 0.045833
0 0.911719 0.742708 0.026562 0.052083