0 0.082812 0.117708 0.031250 0.043750
0 0.222656 0.125000 0.051562 0.050000
0 0.286719 0.261458 0.039062 0.056250
0 0.245312 0.438542 0.040625 0.060417
0 0.264062 0.672917 0.043750 0.058333
0 0.185156 0.808333 0.035937 0.058333
0 0.056250 0.678125 0.037500 0.047917
0 0.464844 0.609375 0.039062 0.047917
0 0.524219 0.541667 0.032813 0.054167
0 0.564844 0.614583 0.039062 0.058333
0 0.447656 0.327083 0.029687 0.041667
0 0.540625 0.321875 0.034375 0.052083
0 0.740625 0.563542 0.040625 0.056250
0 0.764844 0.692708 0.045312 0.039583
0 0.831250 0.462500 0.043750 0.054167
0 0.900000 0.721875 0.050000 0.056250
0 0.950781 0.444792 0.039062 0.060417
0 0.887500 0.107292 0.037500 0.052083