0 0.100781 0.113542 0.029687 0.052083
0 0.232813 0.114583 0.025000 0.041667
0 0.306250 0.261458 0.034375 0.052083
0 0.258594 0.440625 0.029687 0.064583
0 0.278125 0.676042 0.040625 0.047917
0 0.068750 0.670833 0.046875 0.054167
0 0.194531 0.804167 0.032813 0.050000
0 0.461719 0.333333 0.029687 0.054167
0 0.556250 0.328125 0.031250 0.043750
0 0.538281 0.543750 0.026562 0.058333
0 0.476562 0.612500 0.028125 0.041667
0 0.578906 0.616667 0.026562 0.041667
0 0.908594 0.115625 0.032813 0.043750
0 0.964844 0.466667 0.035937 0.062500
0 0.840625 0.475000 0.028125 0.045833
0 0.750000 0.575000 0.037500 0.041667
0 0.775000 0.701042 0.040625 0.043750
0 0.915625 0.741667 0.037500 0.050000