0 0.083594 0.118750 0.039062 0.050000
0 0.221875 0.121875 0.040625 0.047917
0 0.289062 0.258333 0.034375 0.054167
0 0.246875 0.443750 0.037500 0.054167
0 0.266406 0.675000 0.045312 0.062500
0 0.189062 0.809375 0.034375 0.056250
0 0.053906 0.679167 0.045312 0.050000
0 0.449219 0.325000 0.029687 0.062500
0 0.541406 0.321875 0.035937 0.052083
0 0.525781 0.535417 0.029687 0.054167
0 0.564844 0.611458 0.032813 0.043750
0 0.466406 0.611458 0.035937 0.052083
0 0.742969 0.567708 0.048438 0.043750
0 0.764844 0.686458 0.035937 0.064583
0 0.902344 0.723958 0.045312 0.056250
0 0.828906 0.464583 0.032813 0.050000
0 0.951562 0.442708 0.043750 0.060417
0 0.892188 0.111458 0.034375 0.047917