0 0.105469 0.123958 0.029687 0.043750
0 0.230469 0.118750 0.023438 0.029167
0 0.304688 0.262500 0.028125 0.033333
0 0.259375 0.440625 0.028125 0.035417
0 0.066406 0.668750 0.020313 0.033333
0 0.274219 0.678125 0.032813 0.035417
0 0.198437 0.814583 0.021875 0.054167
0 0.460938 0.337500 0.021875 0.033333
0 0.557031 0.334375 0.020313 0.031250
0 0.535937 0.553125 0.021875 0.027083
0 0.473438 0.614583 0.021875 0.029167
0 0.573438 0.620833 0.012500 0.029167
0 0.905469 0.120833 0.020313 0.020833
0 0.964844 0.463542 0.023438 0.022917
0 0.844531 0.476042 0.023438 0.031250
0 0.748437 0.576042 0.025000 0.035417
0 0.777344 0.704167 0.026562 0.025000
0 0.911719 0.739583 0.017188 0.029167