0 0.060156 0.126042 0.039062 0.060417
0 0.195312 0.130208 0.050000 0.064583
0 0.274219 0.264583 0.039062 0.070833
0 0.229687 0.440625 0.043750 0.060417
0 0.253906 0.677083 0.048438 0.062500
0 0.175000 0.810417 0.059375 0.066667
0 0.044531 0.690625 0.035937 0.056250
0 0.451562 0.609375 0.043750 0.047917
0 0.511719 0.536458 0.039062 0.039583
0 0.557031 0.607292 0.045312 0.039583
0 0.428906 0.320833 0.035937 0.050000
0 0.526563 0.322917 0.034375 0.045833
0 0.753906 0.682292 0.045312 0.052083
0 0.725000 0.552083 0.053125 0.041667
0 0.806250 0.446875 0.043750 0.052083
0 0.885938 0.711458 0.040625 0.060417
0 0.932031 0.435417 0.042188 0.050000
0 0.875781 0.105208 0.054688 0.047917