0 0.095312 0.115625 0.031250 0.039583
0 0.228906 0.127083 0.032813 0.037500
0 0.300781 0.258333 0.029687 0.050000
0 0.252344 0.440625 0.039062 0.035417
0 0.273438 0.680208 0.043750 0.043750
0 0.064062 0.672917 0.034375 0.045833
0 0.191406 0.802083 0.035937 0.041667
0 0.471094 0.611458 0.035937 0.043750
0 0.564844 0.615625 0.035937 0.043750
0 0.537500 0.546875 0.025000 0.039583
0 0.459375 0.330208 0.037500 0.035417
0 0.547656 0.327083 0.035937 0.037500
0 0.754687 0.571875 0.046875 0.043750
0 0.772656 0.701042 0.039062 0.043750
0 0.911719 0.737500 0.039062 0.037500
0 0.838281 0.473958 0.032813 0.043750
0 0.957812 0.461458 0.037500 0.047917
0 0.903125 0.120833 0.043750 0.037500