0 0.102344 0.117708 0.029687 0.056250
0 0.234375 0.126042 0.050000 0.043750
0 0.300000 0.262500 0.040625 0.050000
0 0.259375 0.435417 0.031250 0.054167
0 0.275000 0.681250 0.037500 0.050000
0 0.073438 0.671875 0.050000 0.068750
0 0.459375 0.328125 0.025000 0.056250
0 0.556250 0.340625 0.034375 0.056250
0 0.531250 0.551042 0.028125 0.035417
0 0.475000 0.614583 0.034375 0.050000
0 0.575000 0.619792 0.025000 0.035417
0 0.907813 0.126042 0.028125 0.043750
0 0.959375 0.462500 0.034375 0.045833
0 0.842969 0.480208 0.045312 0.056250
0 0.752344 0.576042 0.042188 0.043750
0 0.778125 0.706250 0.037500 0.045833
0 0.917188 0.743750 0.037500 0.041667
0 0.192188 0.805208 0.025000 0.047917