0 0.082031 0.120833 0.035937 0.045833
0 0.216406 0.119792 0.042188 0.039583
0 0.285938 0.258333 0.040625 0.041667
0 0.244531 0.439583 0.035937 0.066667
0 0.267188 0.673958 0.046875 0.060417
0 0.191406 0.812500 0.048438 0.054167
0 0.053906 0.678125 0.045312 0.056250
0 0.463281 0.611458 0.032813 0.039583
0 0.525000 0.539583 0.034375 0.045833
0 0.562500 0.605208 0.034375 0.052083
0 0.446875 0.327083 0.031250 0.037500
0 0.539844 0.325000 0.035937 0.045833
0 0.892188 0.115625 0.037500 0.039583
0 0.953125 0.450000 0.028125 0.041667
0 0.831250 0.470833 0.040625 0.054167
0 0.742188 0.568750 0.034375 0.045833
0 0.765625 0.701042 0.031250 0.043750
0 0.902344 0.730208 0.029687 0.047917