0 0.101562 0.120833 0.025000 0.054167
0 0.236719 0.130208 0.032813 0.039583
0 0.307031 0.263542 0.035937 0.052083
0 0.257812 0.440625 0.028125 0.052083
0 0.075781 0.673958 0.042188 0.052083
0 0.275781 0.682292 0.035937 0.052083
0 0.200781 0.801042 0.039062 0.047917
0 0.461719 0.337500 0.032813 0.041667
0 0.560156 0.337500 0.032813 0.045833
0 0.910156 0.123958 0.042188 0.047917
0 0.968750 0.462500 0.037500 0.045833
0 0.843750 0.477083 0.040625 0.041667
0 0.758594 0.573958 0.048438 0.039583
0 0.776563 0.706250 0.053125 0.037500
0 0.911719 0.739583 0.032813 0.054167
0 0.534375 0.547917 0.025000 0.029167
0 0.475781 0.615625 0.026562 0.047917
0 0.573438 0.620833 0.025000 0.037500