0 0.062500 0.129167 0.034375 0.058333
0 0.199219 0.128125 0.035937 0.056250
0 0.274219 0.266667 0.035937 0.058333
0 0.230469 0.448958 0.045312 0.068750
0 0.260937 0.688542 0.040625 0.068750
0 0.180469 0.810417 0.035937 0.062500
0 0.046094 0.688542 0.045312 0.056250
0 0.456250 0.606250 0.037500 0.050000
0 0.514062 0.532292 0.034375 0.052083
0 0.553125 0.608333 0.025000 0.066667
0 0.434375 0.333333 0.034375 0.070833
0 0.524219 0.322917 0.035937 0.058333
0 0.884375 0.704167 0.034375 0.058333
0 0.747656 0.678125 0.045312 0.056250
0 0.728906 0.554167 0.057813 0.050000
0 0.808594 0.445833 0.051562 0.075000
0 0.935937 0.435417 0.050000 0.070833
0 0.863281 0.094792 0.032813 0.056250