0 0.101562 0.119792 0.034375 0.039583
0 0.235937 0.125000 0.028125 0.033333
0 0.307812 0.261458 0.031250 0.043750
0 0.259375 0.441667 0.034375 0.050000
0 0.067969 0.669792 0.035937 0.043750
0 0.270313 0.675000 0.050000 0.054167
0 0.199219 0.802083 0.032813 0.045833
0 0.475000 0.609375 0.034375 0.047917
0 0.570312 0.614583 0.034375 0.041667
0 0.532813 0.541667 0.034375 0.041667
0 0.458594 0.331250 0.035937 0.045833
0 0.549219 0.328125 0.035937 0.052083
0 0.748437 0.573958 0.028125 0.043750
0 0.840625 0.470833 0.040625 0.041667
0 0.773438 0.703125 0.040625 0.043750
0 0.908594 0.734375 0.035937 0.052083
0 0.967969 0.467708 0.035937 0.043750
0 0.904687 0.118750 0.034375 0.041667