0 0.082031 0.118750 0.035937 0.054167
0 0.217969 0.118750 0.045312 0.050000
0 0.289062 0.260417 0.043750 0.045833
0 0.247656 0.434375 0.039062 0.068750
0 0.267188 0.676042 0.043750 0.064583
0 0.192969 0.810417 0.054688 0.054167
0 0.056250 0.678125 0.031250 0.056250
0 0.464844 0.608333 0.032813 0.041667
0 0.525000 0.541667 0.031250 0.054167
0 0.567187 0.614583 0.028125 0.045833
0 0.449219 0.328125 0.039062 0.035417
0 0.542188 0.326042 0.037500 0.056250
0 0.741406 0.558333 0.042188 0.050000
0 0.768750 0.692708 0.037500 0.052083
0 0.900000 0.723958 0.040625 0.047917
0 0.832812 0.464583 0.037500 0.066667
0 0.948438 0.446875 0.046875 0.047917
0 0.889844 0.104167 0.054688 0.045833