0 0.066406 0.130208 0.042188 0.039583
0 0.192969 0.122917 0.029687 0.045833
0 0.260937 0.259375 0.046875 0.060417
0 0.231250 0.452083 0.037500 0.062500
0 0.256250 0.678125 0.043750 0.056250
0 0.039062 0.695833 0.046875 0.041667
0 0.175000 0.810417 0.050000 0.054167
0 0.429688 0.328125 0.028125 0.039583
0 0.523438 0.326042 0.040625 0.039583
0 0.511719 0.538542 0.029687 0.039583
0 0.454688 0.611458 0.031250 0.043750
0 0.551562 0.609375 0.037500 0.047917
0 0.860938 0.100000 0.037500 0.050000
0 0.809375 0.451042 0.043750 0.056250
0 0.927344 0.441667 0.035937 0.058333
0 0.722656 0.557292 0.045312 0.039583
0 0.745313 0.677083 0.056250 0.058333
0 0.886719 0.709375 0.035937 0.056250