0 0.099219 0.116667 0.029687 0.045833
0 0.235156 0.128125 0.032813 0.031250
0 0.299219 0.257292 0.035937 0.052083
0 0.259375 0.441667 0.046875 0.050000
0 0.068750 0.668750 0.043750 0.050000
0 0.271094 0.680208 0.045312 0.064583
0 0.192969 0.802083 0.045312 0.050000
0 0.469531 0.611458 0.039062 0.060417
0 0.572656 0.613542 0.042188 0.047917
0 0.532031 0.534375 0.039062 0.052083
0 0.457031 0.322917 0.039062 0.050000
0 0.550781 0.331250 0.032813 0.050000
0 0.771094 0.698958 0.051562 0.043750
0 0.746875 0.577083 0.046875 0.050000
0 0.836719 0.476042 0.051562 0.047917
0 0.908594 0.740625 0.045312 0.047917
0 0.958594 0.462500 0.048438 0.054167
0 0.903906 0.114583 0.045312 0.050000