0 0.081250 0.116667 0.040625 0.050000
0 0.221094 0.123958 0.042188 0.043750
0 0.285938 0.260417 0.040625 0.050000
0 0.247656 0.437500 0.039062 0.054167
0 0.264844 0.673958 0.039062 0.060417
0 0.189062 0.809375 0.031250 0.052083
0 0.054688 0.673958 0.034375 0.056250
0 0.467187 0.606250 0.043750 0.041667
0 0.526563 0.538542 0.034375 0.039583
0 0.568750 0.609375 0.037500 0.047917
0 0.448437 0.326042 0.031250 0.052083
0 0.538281 0.323958 0.042188 0.043750
0 0.738281 0.559375 0.042188 0.052083
0 0.828125 0.462500 0.037500 0.058333
0 0.764844 0.694792 0.039062 0.064583
0 0.899219 0.725000 0.039062 0.062500
0 0.947656 0.446875 0.042188 0.052083
0 0.887500 0.107292 0.040625 0.064583