0 0.101562 0.119792 0.043750 0.039583
0 0.231250 0.122917 0.040625 0.050000
0 0.300000 0.252083 0.046875 0.058333
0 0.257812 0.434375 0.037500 0.056250
0 0.274219 0.669792 0.045312 0.056250
0 0.066406 0.667708 0.035937 0.052083
0 0.196094 0.803125 0.042188 0.056250
0 0.467187 0.606250 0.043750 0.045833
0 0.570312 0.610417 0.040625 0.054167
0 0.535156 0.534375 0.051562 0.047917
0 0.463281 0.329167 0.042188 0.041667
0 0.551562 0.332292 0.037500 0.047917
0 0.747656 0.569792 0.045312 0.052083
0 0.772656 0.698958 0.035937 0.047917
0 0.905469 0.734375 0.039062 0.047917
0 0.839844 0.476042 0.051562 0.047917
0 0.960156 0.459375 0.042188 0.056250
0 0.896875 0.108333 0.046875 0.054167