0 0.081250 0.113542 0.043750 0.052083
0 0.217969 0.123958 0.039062 0.043750
0 0.288281 0.254167 0.042188 0.058333
0 0.245312 0.432292 0.043750 0.056250
0 0.264844 0.675000 0.045312 0.062500
0 0.055469 0.678125 0.042188 0.047917
0 0.188281 0.805208 0.045312 0.056250
0 0.463281 0.608333 0.032813 0.045833
0 0.525781 0.539583 0.039062 0.045833
0 0.565625 0.609375 0.040625 0.047917
0 0.449219 0.327083 0.032813 0.041667
0 0.539844 0.321875 0.042188 0.052083
0 0.741406 0.558333 0.054688 0.062500
0 0.829688 0.465625 0.037500 0.039583
0 0.770312 0.696875 0.046875 0.043750
0 0.899219 0.725000 0.042188 0.062500
0 0.952344 0.450000 0.045312 0.054167
0 0.888281 0.102083 0.039062 0.075000