0 0.081250 0.114583 0.034375 0.041667
0 0.220312 0.119792 0.043750 0.039583
0 0.289062 0.257292 0.034375 0.052083
0 0.243750 0.437500 0.037500 0.050000
0 0.264844 0.670833 0.032813 0.062500
0 0.185938 0.803125 0.037500 0.060417
0 0.056250 0.681250 0.037500 0.045833
0 0.464062 0.607292 0.034375 0.047917
0 0.525000 0.539583 0.037500 0.041667
0 0.564844 0.615625 0.039062 0.052083
0 0.446875 0.325000 0.034375 0.045833
0 0.539844 0.320833 0.032813 0.050000
0 0.739062 0.563542 0.037500 0.056250
0 0.830469 0.458333 0.042188 0.058333
0 0.951562 0.448958 0.046875 0.043750
0 0.764844 0.695833 0.029687 0.045833
0 0.900781 0.716667 0.035937 0.066667
0 0.887500 0.101042 0.037500 0.052083