0 0.101562 0.122917 0.031250 0.054167
0 0.229687 0.127083 0.034375 0.054167
0 0.304688 0.268750 0.046875 0.062500
0 0.255469 0.437500 0.042188 0.058333
0 0.067187 0.668750 0.034375 0.050000
0 0.279687 0.680208 0.050000 0.068750
0 0.197656 0.807292 0.042188 0.043750
0 0.461719 0.333333 0.029687 0.041667
0 0.557031 0.330208 0.035937 0.039583
0 0.534375 0.545833 0.031250 0.041667
0 0.475000 0.614583 0.028125 0.041667
0 0.576562 0.618750 0.034375 0.050000
0 0.907031 0.121875 0.042188 0.043750
0 0.967187 0.461458 0.037500 0.043750
0 0.842187 0.473958 0.037500 0.047917
0 0.751563 0.575000 0.040625 0.041667
0 0.779687 0.698958 0.043750 0.052083
0 0.910937 0.741667 0.028125 0.045833