0 0.304688 0.263542 0.034375 0.031250
0 0.099219 0.119792 0.035937 0.031250
0 0.233594 0.131250 0.042188 0.025000
0 0.259375 0.443750 0.025000 0.045833
0 0.073438 0.671875 0.056250 0.031250
0 0.279687 0.676042 0.025000 0.035417
0 0.472656 0.616667 0.017188 0.029167
0 0.573438 0.623958 0.015625 0.031250
0 0.457813 0.332292 0.025000 0.022917
0 0.556250 0.330208 0.012500 0.043750
0 0.844531 0.470833 0.032813 0.033333
0 0.749219 0.569792 0.020313 0.043750
0 0.776563 0.706250 0.021875 0.037500
0 0.200000 0.804167 0.021875 0.062500
0 0.532031 0.547917 0.014063 0.041667
0 0.910937 0.739583 0.018750 0.020833
0 0.907031 0.121875 0.026562 0.031250
0 0.964063 0.460417 0.015625 0.025000