0 0.096094 0.115625 0.032813 0.035417
0 0.227344 0.127083 0.035937 0.033333
0 0.303906 0.266667 0.035937 0.037500
0 0.258594 0.445833 0.035937 0.037500
0 0.273438 0.673958 0.037500 0.043750
0 0.067969 0.671875 0.032813 0.047917
0 0.200000 0.801042 0.034375 0.039583
0 0.475000 0.612500 0.031250 0.037500
0 0.574219 0.620833 0.035937 0.037500
0 0.534375 0.540625 0.034375 0.043750
0 0.458594 0.329167 0.035937 0.041667
0 0.551562 0.332292 0.040625 0.047917
0 0.781250 0.695833 0.034375 0.045833
0 0.750781 0.571875 0.035937 0.043750
0 0.909375 0.736458 0.034375 0.047917
0 0.963281 0.464583 0.039062 0.045833
0 0.842187 0.472917 0.037500 0.041667
0 0.910937 0.122917 0.056250 0.037500