0 0.103906 0.117708 0.039062 0.047917
0 0.225781 0.121875 0.039062 0.047917
0 0.303906 0.263542 0.039062 0.047917
0 0.260156 0.439583 0.048438 0.062500
0 0.064844 0.666667 0.048438 0.062500
0 0.277344 0.683333 0.048438 0.062500
0 0.191406 0.808333 0.048438 0.062500
0 0.463281 0.335417 0.048438 0.062500
0 0.558594 0.329167 0.048438 0.062500
0 0.530469 0.531250 0.048438 0.062500
0 0.466406 0.614583 0.048438 0.062500
0 0.575781 0.627083 0.048438 0.062500
0 0.911719 0.120833 0.048438 0.062500
0 0.966406 0.454167 0.048438 0.062500
0 0.844531 0.462500 0.048438 0.062500
0 0.749219 0.562500 0.048438 0.062500
0 0.772656 0.708333 0.048438 0.062500
0 0.911719 0.739583 0.048438 0.062500