0 0.080469 0.117708 0.029687 0.052083
0 0.223438 0.127083 0.043750 0.050000
0 0.289062 0.258333 0.034375 0.058333
0 0.242969 0.432292 0.042188 0.064583
0 0.265625 0.669792 0.037500 0.068750
0 0.189844 0.803125 0.035937 0.047917
0 0.057031 0.679167 0.045312 0.045833
0 0.453125 0.329167 0.040625 0.050000
0 0.541406 0.333333 0.039062 0.058333
0 0.525000 0.537500 0.040625 0.058333
0 0.564844 0.609375 0.029687 0.043750
0 0.464844 0.609375 0.032813 0.047917
0 0.763281 0.691667 0.051562 0.054167
0 0.900781 0.726042 0.048438 0.056250
0 0.736719 0.562500 0.045312 0.045833
0 0.829688 0.466667 0.046875 0.066667
0 0.950000 0.450000 0.046875 0.054167
0 0.891406 0.108333 0.045312 0.054167