0 0.083594 0.120833 0.039062 0.041667
0 0.217969 0.122917 0.029687 0.041667
0 0.289062 0.260417 0.043750 0.037500
0 0.248438 0.440625 0.037500 0.047917
0 0.267188 0.679167 0.037500 0.050000
0 0.189844 0.806250 0.029687 0.054167
0 0.053906 0.677083 0.039062 0.041667
0 0.463281 0.605208 0.032813 0.052083
0 0.525000 0.546875 0.037500 0.043750
0 0.567969 0.612500 0.039062 0.037500
0 0.446875 0.325000 0.028125 0.045833
0 0.540625 0.328125 0.034375 0.047917
0 0.742969 0.564583 0.029687 0.045833
0 0.764062 0.685417 0.034375 0.062500
0 0.829688 0.463542 0.040625 0.047917
0 0.899219 0.723958 0.039062 0.052083
0 0.951562 0.450000 0.040625 0.050000
0 0.891406 0.107292 0.029687 0.056250