0 0.062500 0.132292 0.034375 0.039583
0 0.196875 0.130208 0.040625 0.035417
0 0.276562 0.267708 0.046875 0.047917
0 0.231250 0.451042 0.037500 0.052083
0 0.251563 0.682292 0.050000 0.052083
0 0.174219 0.814583 0.057813 0.058333
0 0.040625 0.696875 0.043750 0.047917
0 0.450781 0.613542 0.039062 0.052083
0 0.512500 0.539583 0.034375 0.045833
0 0.548438 0.610417 0.043750 0.050000
0 0.434375 0.330208 0.037500 0.047917
0 0.521875 0.320833 0.034375 0.054167
0 0.810937 0.464583 0.053125 0.066667
0 0.722656 0.560417 0.032813 0.045833
0 0.753125 0.687500 0.043750 0.050000
0 0.889062 0.711458 0.046875 0.043750
0 0.928906 0.439583 0.032813 0.045833
0 0.864844 0.098958 0.039062 0.052083