0 0.064062 0.129167 0.046875 0.045833
0 0.193750 0.127083 0.050000 0.054167
0 0.274219 0.259375 0.042188 0.072917
0 0.230469 0.441667 0.039062 0.066667
0 0.259375 0.684375 0.040625 0.064583
0 0.185156 0.814583 0.064062 0.070833
0 0.452344 0.605208 0.035937 0.052083
0 0.510938 0.529167 0.031250 0.050000
0 0.552344 0.612500 0.029687 0.058333
0 0.435156 0.323958 0.042188 0.056250
0 0.528125 0.323958 0.037500 0.052083
0 0.889844 0.707292 0.032813 0.089583
0 0.750000 0.681250 0.028125 0.087500
0 0.728125 0.552083 0.053125 0.062500
0 0.810156 0.447917 0.039062 0.075000
0 0.929688 0.438542 0.034375 0.072917
0 0.868750 0.096875 0.053125 0.043750