0 0.083594 0.118750 0.039062 0.054167
0 0.217969 0.118750 0.039062 0.041667
0 0.287500 0.255208 0.043750 0.064583
0 0.246094 0.437500 0.042188 0.066667
0 0.267969 0.677083 0.042188 0.054167
0 0.187500 0.810417 0.031250 0.066667
0 0.057031 0.677083 0.039062 0.066667
0 0.469531 0.611458 0.039062 0.047917
0 0.567969 0.616667 0.035937 0.054167
0 0.527344 0.543750 0.042188 0.054167
0 0.450000 0.329167 0.037500 0.054167
0 0.544531 0.328125 0.035937 0.052083
0 0.740625 0.561458 0.043750 0.047917
0 0.764844 0.693750 0.042188 0.058333
0 0.903125 0.728125 0.037500 0.052083
0 0.829688 0.463542 0.037500 0.047917
0 0.952344 0.446875 0.042188 0.052083
0 0.889062 0.104167 0.043750 0.050000