0 0.096875 0.111458 0.031250 0.035417
0 0.231250 0.125000 0.025000 0.033333
0 0.296875 0.256250 0.034375 0.041667
0 0.260156 0.443750 0.032813 0.041667
0 0.275000 0.675000 0.043750 0.045833
0 0.065625 0.672917 0.028125 0.041667
0 0.200000 0.806250 0.031250 0.054167
0 0.470313 0.608333 0.031250 0.033333
0 0.530469 0.542708 0.045312 0.035417
0 0.577344 0.622917 0.029687 0.037500
0 0.462500 0.332292 0.031250 0.043750
0 0.559375 0.334375 0.040625 0.047917
0 0.747656 0.576042 0.039062 0.052083
0 0.778125 0.711458 0.034375 0.043750
0 0.842969 0.475000 0.039062 0.041667
0 0.908594 0.739583 0.032813 0.041667
0 0.967969 0.468750 0.029687 0.045833
0 0.907031 0.121875 0.032813 0.039583