0 0.082812 0.120833 0.037500 0.050000
0 0.220312 0.122917 0.043750 0.037500
0 0.286719 0.261458 0.042188 0.047917
0 0.242188 0.436458 0.040625 0.056250
0 0.267188 0.679167 0.037500 0.050000
0 0.187500 0.807292 0.040625 0.052083
0 0.054688 0.675000 0.040625 0.054167
0 0.465625 0.607292 0.031250 0.043750
0 0.526563 0.539583 0.031250 0.041667
0 0.565625 0.611458 0.040625 0.039583
0 0.450000 0.327083 0.028125 0.050000
0 0.539844 0.322917 0.035937 0.050000
0 0.742188 0.560417 0.037500 0.050000
0 0.764062 0.693750 0.040625 0.050000
0 0.901563 0.728125 0.034375 0.052083
0 0.825781 0.463542 0.039062 0.047917
0 0.952344 0.450000 0.042188 0.050000
0 0.891406 0.110417 0.039062 0.054167