0 0.082812 0.116667 0.034375 0.054167
0 0.220312 0.121875 0.043750 0.047917
0 0.286719 0.265625 0.042188 0.060417
0 0.246875 0.440625 0.050000 0.056250
0 0.264062 0.670833 0.040625 0.058333
0 0.186719 0.808333 0.039062 0.054167
0 0.055469 0.678125 0.045312 0.047917
0 0.446875 0.325000 0.037500 0.045833
0 0.543750 0.325000 0.040625 0.058333
0 0.526563 0.536458 0.037500 0.052083
0 0.564844 0.613542 0.035937 0.043750
0 0.462500 0.603125 0.031250 0.060417
0 0.741406 0.567708 0.045312 0.056250
0 0.765625 0.695833 0.037500 0.058333
0 0.903906 0.726042 0.048438 0.064583
0 0.827344 0.464583 0.042188 0.062500
0 0.952344 0.447917 0.048438 0.066667
0 0.892188 0.106250 0.040625 0.050000