0 0.081250 0.120833 0.043750 0.041667
0 0.222656 0.117708 0.039062 0.047917
0 0.289844 0.259375 0.039062 0.052083
0 0.247656 0.438542 0.039062 0.052083
0 0.266406 0.666667 0.035937 0.070833
0 0.188281 0.804167 0.032813 0.062500
0 0.060156 0.681250 0.045312 0.045833
0 0.450781 0.323958 0.042188 0.047917
0 0.539062 0.327083 0.040625 0.050000
0 0.526563 0.540625 0.031250 0.043750
0 0.468750 0.610417 0.028125 0.054167
0 0.564844 0.611458 0.029687 0.052083
0 0.767188 0.694792 0.050000 0.047917
0 0.742969 0.564583 0.039062 0.045833
0 0.831250 0.465625 0.050000 0.056250
0 0.900781 0.727083 0.032813 0.054167
0 0.951562 0.447917 0.037500 0.058333
0 0.889844 0.106250 0.045312 0.041667