0 0.100781 0.125000 0.032813 0.050000
0 0.230469 0.127083 0.032813 0.050000
0 0.300781 0.260417 0.032813 0.050000
0 0.260156 0.441667 0.032813 0.050000
0 0.064844 0.677083 0.032813 0.050000
0 0.274219 0.681250 0.032813 0.050000
0 0.471094 0.618750 0.032813 0.050000
0 0.536719 0.550000 0.032813 0.050000
0 0.574219 0.629167 0.032813 0.050000
0 0.461719 0.331250 0.032813 0.050000
0 0.555469 0.331250 0.032813 0.050000
0 0.907031 0.120833 0.032813 0.050000
0 0.963281 0.458333 0.032813 0.050000
0 0.836719 0.468750 0.032813 0.050000
0 0.747656 0.570833 0.032813 0.050000
0 0.777344 0.695833 0.032813 0.050000
0 0.908594 0.741667 0.032813 0.050000
0 0.196094 0.806250 0.032813 0.050000