0 0.090625 0.128125 0.025000 0.052083
0 0.221875 0.128125 0.034375 0.052083
0 0.296094 0.266667 0.035937 0.054167
0 0.249219 0.437500 0.032813 0.066667
0 0.265625 0.678125 0.046875 0.060417
0 0.062500 0.684375 0.046875 0.039583
0 0.192188 0.813542 0.031250 0.052083
0 0.449219 0.332292 0.032813 0.043750
0 0.543750 0.325000 0.021875 0.066667
0 0.529687 0.536458 0.037500 0.043750
0 0.465625 0.609375 0.037500 0.047917
0 0.574219 0.619792 0.042188 0.052083
0 0.887500 0.112500 0.034375 0.050000
0 0.946875 0.448958 0.043750 0.056250
0 0.825000 0.465625 0.034375 0.047917
0 0.737500 0.567708 0.043750 0.056250
0 0.771094 0.693750 0.054688 0.062500
0 0.903125 0.726042 0.034375 0.052083