0 0.081250 0.118750 0.043750 0.050000
0 0.221875 0.122917 0.046875 0.041667
0 0.290625 0.262500 0.034375 0.058333
0 0.246094 0.442708 0.035937 0.072917
0 0.267188 0.678125 0.040625 0.056250
0 0.192188 0.807292 0.053125 0.052083
0 0.056250 0.676042 0.037500 0.052083
0 0.465625 0.611458 0.037500 0.047917
0 0.525781 0.541667 0.029687 0.054167
0 0.564844 0.616667 0.029687 0.050000
0 0.450000 0.328125 0.034375 0.052083
0 0.542188 0.326042 0.037500 0.047917
0 0.739062 0.561458 0.046875 0.052083
0 0.764844 0.692708 0.039062 0.052083
0 0.901563 0.726042 0.043750 0.047917
0 0.828906 0.464583 0.042188 0.054167
0 0.951562 0.448958 0.046875 0.052083
0 0.891406 0.108333 0.035937 0.050000