0 0.082031 0.115625 0.032813 0.043750
0 0.218750 0.117708 0.034375 0.047917
0 0.285938 0.253125 0.043750 0.064583
0 0.244531 0.438542 0.051562 0.060417
0 0.264062 0.675000 0.053125 0.054167
0 0.187500 0.803125 0.040625 0.052083
0 0.057031 0.676042 0.057813 0.047917
0 0.464844 0.607292 0.039062 0.043750
0 0.564844 0.610417 0.035937 0.050000
0 0.529687 0.536458 0.031250 0.052083
0 0.446875 0.329167 0.031250 0.041667
0 0.543750 0.323958 0.037500 0.043750
0 0.736719 0.562500 0.054688 0.045833
0 0.828906 0.464583 0.048438 0.045833
0 0.950781 0.447917 0.051562 0.050000
0 0.762500 0.693750 0.046875 0.050000
0 0.900000 0.720833 0.043750 0.058333
0 0.890625 0.102083 0.043750 0.050000