0 0.096875 0.113542 0.031250 0.052083
0 0.229687 0.122917 0.037500 0.045833
0 0.306250 0.260417 0.031250 0.058333
0 0.259375 0.439583 0.040625 0.045833
0 0.275781 0.670833 0.045312 0.062500
0 0.067969 0.672917 0.045312 0.054167
0 0.193750 0.795833 0.037500 0.062500
0 0.476562 0.606250 0.037500 0.037500
0 0.576562 0.619792 0.031250 0.052083
0 0.537500 0.548958 0.034375 0.039583
0 0.464844 0.331250 0.035937 0.045833
0 0.551562 0.329167 0.037500 0.045833
0 0.750000 0.569792 0.034375 0.047917
0 0.779687 0.702083 0.040625 0.045833
0 0.911719 0.731250 0.035937 0.062500
0 0.842969 0.472917 0.032813 0.045833
0 0.957031 0.459375 0.045312 0.052083
0 0.900781 0.118750 0.039062 0.037500