0 0.099219 0.114583 0.039062 0.045833
0 0.232031 0.114583 0.032813 0.045833
0 0.306250 0.263542 0.040625 0.060417
0 0.262500 0.441667 0.046875 0.054167
0 0.066406 0.668750 0.035937 0.058333
0 0.274219 0.673958 0.029687 0.052083
0 0.194531 0.801042 0.032813 0.052083
0 0.481250 0.611458 0.034375 0.039583
0 0.534375 0.541667 0.028125 0.050000
0 0.575781 0.620833 0.029687 0.054167
0 0.461719 0.323958 0.029687 0.035417
0 0.555469 0.334375 0.026562 0.052083
0 0.909375 0.113542 0.034375 0.043750
0 0.964063 0.460417 0.034375 0.050000
0 0.839844 0.469792 0.035937 0.056250
0 0.750781 0.572917 0.032813 0.045833
0 0.775000 0.698958 0.031250 0.047917
0 0.914062 0.743750 0.037500 0.054167