0 0.107813 0.122917 0.040625 0.075000
0 0.234375 0.118750 0.031250 0.054167
0 0.303906 0.262500 0.032813 0.050000
0 0.258594 0.437500 0.039062 0.050000
0 0.064844 0.672917 0.032813 0.050000
0 0.274219 0.676042 0.039062 0.047917
0 0.194531 0.806250 0.029687 0.058333
0 0.457813 0.329167 0.025000 0.045833
0 0.556250 0.328125 0.025000 0.039583
0 0.535156 0.541667 0.026562 0.041667
0 0.475781 0.612500 0.032813 0.050000
0 0.578125 0.616667 0.034375 0.058333
0 0.908594 0.115625 0.032813 0.043750
0 0.962500 0.463542 0.040625 0.043750
0 0.839844 0.471875 0.039062 0.047917
0 0.749219 0.570833 0.039062 0.041667
0 0.772656 0.700000 0.029687 0.050000
0 0.913281 0.737500 0.032813 0.045833