0 0.095312 0.116667 0.031250 0.037500
0 0.228125 0.123958 0.031250 0.031250
0 0.302344 0.257292 0.029687 0.052083
0 0.260156 0.441667 0.042188 0.050000
0 0.271875 0.677083 0.050000 0.054167
0 0.067969 0.672917 0.035937 0.050000
0 0.193750 0.802083 0.034375 0.050000
0 0.471875 0.613542 0.034375 0.039583
0 0.573438 0.622917 0.037500 0.033333
0 0.532813 0.541667 0.043750 0.033333
0 0.460938 0.330208 0.040625 0.039583
0 0.546875 0.332292 0.031250 0.039583
0 0.753125 0.568750 0.040625 0.062500
0 0.775781 0.703125 0.029687 0.031250
0 0.909375 0.741667 0.037500 0.041667
0 0.839063 0.473958 0.034375 0.039583
0 0.960156 0.463542 0.032813 0.039583
0 0.910156 0.118750 0.048438 0.033333