0 0.079687 0.117708 0.037500 0.043750
0 0.216406 0.121875 0.035937 0.052083
0 0.287500 0.258333 0.046875 0.054167
0 0.245312 0.437500 0.046875 0.058333
0 0.266406 0.677083 0.042188 0.054167
0 0.186719 0.806250 0.029687 0.066667
0 0.052344 0.678125 0.048438 0.068750
0 0.448437 0.323958 0.034375 0.056250
0 0.540625 0.321875 0.034375 0.039583
0 0.526563 0.536458 0.028125 0.047917
0 0.566406 0.612500 0.035937 0.050000
0 0.464062 0.609375 0.043750 0.056250
0 0.739844 0.562500 0.035937 0.050000
0 0.832812 0.460417 0.037500 0.062500
0 0.761719 0.687500 0.042188 0.066667
0 0.904687 0.725000 0.040625 0.050000
0 0.953125 0.448958 0.034375 0.039583
0 0.887500 0.111458 0.031250 0.060417