0 0.089063 0.131250 0.028125 0.054167
0 0.224219 0.136458 0.042188 0.056250
0 0.292969 0.265625 0.029687 0.047917
0 0.250000 0.443750 0.043750 0.050000
0 0.065625 0.681250 0.037500 0.054167
0 0.192969 0.813542 0.048438 0.039583
0 0.271094 0.683333 0.035937 0.041667
0 0.450000 0.331250 0.025000 0.050000
0 0.540625 0.330208 0.031250 0.056250
0 0.528125 0.539583 0.034375 0.050000
0 0.468750 0.613542 0.034375 0.039583
0 0.568750 0.616667 0.028125 0.058333
0 0.742969 0.565625 0.051562 0.035417
0 0.761719 0.690625 0.042188 0.047917
0 0.903125 0.725000 0.031250 0.045833
0 0.828125 0.462500 0.046875 0.054167
0 0.950000 0.448958 0.037500 0.056250
0 0.884375 0.109375 0.028125 0.043750