0 0.064062 0.127083 0.028125 0.062500
0 0.200000 0.132292 0.034375 0.064583
0 0.271875 0.263542 0.037500 0.064583
0 0.232813 0.445833 0.050000 0.075000
0 0.260156 0.683333 0.042188 0.066667
0 0.042969 0.689583 0.035937 0.058333
0 0.182812 0.813542 0.053125 0.056250
0 0.453125 0.607292 0.031250 0.056250
0 0.512500 0.536458 0.043750 0.064583
0 0.559375 0.612500 0.050000 0.058333
0 0.434375 0.326042 0.056250 0.052083
0 0.525781 0.325000 0.042188 0.050000
0 0.725781 0.551042 0.051562 0.043750
0 0.809375 0.455208 0.053125 0.068750
0 0.928125 0.437500 0.037500 0.070833
0 0.756250 0.689583 0.053125 0.041667
0 0.884375 0.708333 0.050000 0.070833
0 0.864844 0.093750 0.057813 0.062500