0 0.083594 0.127083 0.029687 0.054167
0 0.221094 0.127083 0.032813 0.045833
0 0.289844 0.269792 0.039062 0.043750
0 0.250000 0.447917 0.034375 0.037500
0 0.060156 0.683333 0.026562 0.033333
0 0.267969 0.678125 0.054688 0.056250
0 0.189062 0.806250 0.034375 0.045833
0 0.464844 0.612500 0.029687 0.050000
0 0.565625 0.620833 0.040625 0.045833
0 0.525781 0.544792 0.039062 0.047917
0 0.450781 0.327083 0.051562 0.066667
0 0.542969 0.329167 0.039062 0.050000
0 0.828906 0.466667 0.032813 0.050000
0 0.739844 0.572917 0.042188 0.054167
0 0.767188 0.696875 0.043750 0.035417
0 0.907031 0.730208 0.051562 0.056250
0 0.950781 0.453125 0.032813 0.035417
0 0.892188 0.113542 0.034375 0.052083