0 0.104688 0.122917 0.028125 0.037500
0 0.232031 0.121875 0.023438 0.022917
0 0.300781 0.266667 0.020313 0.037500
0 0.260156 0.439583 0.023438 0.033333
0 0.068750 0.668750 0.025000 0.033333
0 0.278125 0.680208 0.031250 0.039583
0 0.196094 0.805208 0.023438 0.035417
0 0.461719 0.333333 0.023438 0.037500
0 0.553906 0.331250 0.020313 0.029167
0 0.535937 0.548958 0.015625 0.027083
0 0.472656 0.611458 0.026562 0.027083
0 0.575000 0.619792 0.021875 0.022917
0 0.905469 0.118750 0.032813 0.029167
0 0.963281 0.459375 0.023438 0.022917
0 0.841406 0.471875 0.032813 0.022917
0 0.746875 0.573958 0.025000 0.027083
0 0.775781 0.705208 0.026562 0.027083
0 0.910937 0.739583 0.025000 0.037500