0 0.103125 0.122917 0.025000 0.041667
0 0.235937 0.130208 0.034375 0.043750
0 0.303125 0.266667 0.043750 0.041667
0 0.264062 0.438542 0.037500 0.039583
0 0.070312 0.679167 0.031250 0.050000
0 0.278125 0.684375 0.040625 0.047917
0 0.201563 0.808333 0.037500 0.050000
0 0.458594 0.334375 0.023438 0.035417
0 0.554688 0.338542 0.034375 0.052083
0 0.536719 0.551042 0.032813 0.043750
0 0.476562 0.616667 0.025000 0.037500
0 0.578125 0.621875 0.034375 0.031250
0 0.907031 0.120833 0.026562 0.045833
0 0.962500 0.460417 0.037500 0.041667
0 0.845313 0.478125 0.043750 0.043750
0 0.753125 0.578125 0.040625 0.039583
0 0.778125 0.707292 0.043750 0.039583
0 0.913281 0.740625 0.035937 0.043750