0 0.097656 0.118750 0.042188 0.041667
0 0.232031 0.121875 0.029687 0.039583
0 0.303125 0.261458 0.037500 0.043750
0 0.259375 0.440625 0.034375 0.043750
0 0.274219 0.677083 0.045312 0.054167
0 0.067969 0.678125 0.039062 0.060417
0 0.193750 0.808333 0.040625 0.041667
0 0.465625 0.340625 0.037500 0.052083
0 0.553125 0.327083 0.034375 0.041667
0 0.532813 0.544792 0.021875 0.031250
0 0.475000 0.611458 0.031250 0.039583
0 0.574219 0.622917 0.023438 0.037500
0 0.907813 0.128125 0.034375 0.047917
0 0.965625 0.460417 0.034375 0.037500
0 0.842187 0.479167 0.040625 0.037500
0 0.749219 0.571875 0.032813 0.031250
0 0.771875 0.703125 0.031250 0.043750
0 0.910937 0.740625 0.028125 0.047917