0 0.081250 0.116667 0.034375 0.041667
0 0.217188 0.120833 0.050000 0.050000
0 0.286719 0.256250 0.039062 0.058333
0 0.246875 0.434375 0.040625 0.068750
0 0.267188 0.680208 0.043750 0.060417
0 0.192969 0.806250 0.051562 0.058333
0 0.056250 0.676042 0.040625 0.060417
0 0.447656 0.325000 0.029687 0.045833
0 0.541406 0.326042 0.042188 0.047917
0 0.524219 0.536458 0.035937 0.064583
0 0.565625 0.613542 0.037500 0.047917
0 0.464062 0.610417 0.043750 0.050000
0 0.738281 0.561458 0.048438 0.047917
0 0.764844 0.690625 0.039062 0.068750
0 0.903125 0.723958 0.046875 0.068750
0 0.827344 0.460417 0.045312 0.062500
0 0.953906 0.444792 0.051562 0.060417
0 0.887500 0.100000 0.034375 0.062500