0 0.100000 0.109375 0.028125 0.047917
0 0.233594 0.112500 0.039062 0.033333
0 0.303125 0.257292 0.031250 0.047917
0 0.259375 0.430208 0.037500 0.056250
0 0.065625 0.669792 0.040625 0.047917
0 0.270313 0.671875 0.043750 0.047917
0 0.193750 0.800000 0.037500 0.045833
0 0.460938 0.332292 0.034375 0.043750
0 0.558594 0.326042 0.035937 0.043750
0 0.536719 0.540625 0.032813 0.047917
0 0.475000 0.610417 0.028125 0.041667
0 0.571875 0.616667 0.028125 0.050000
0 0.908594 0.115625 0.039062 0.043750
0 0.964063 0.458333 0.034375 0.041667
0 0.837500 0.468750 0.043750 0.050000
0 0.746875 0.571875 0.043750 0.043750
0 0.775000 0.702083 0.037500 0.037500
0 0.908594 0.735417 0.032813 0.045833