0 0.097656 0.117708 0.035937 0.035417
0 0.225781 0.118750 0.039062 0.037500
0 0.298438 0.255208 0.037500 0.052083
0 0.456250 0.330208 0.037500 0.039583
0 0.546875 0.328125 0.028125 0.039583
0 0.900781 0.121875 0.039062 0.052083
0 0.253906 0.435417 0.035937 0.041667
0 0.072656 0.664583 0.032813 0.041667
0 0.196094 0.801042 0.042188 0.052083
0 0.273438 0.678125 0.037500 0.043750
0 0.471094 0.612500 0.032813 0.041667
0 0.575000 0.619792 0.037500 0.035417
0 0.537500 0.547917 0.040625 0.033333
0 0.773438 0.707292 0.040625 0.039583
0 0.910937 0.737500 0.034375 0.045833
0 0.751563 0.572917 0.043750 0.033333
0 0.839844 0.473958 0.039062 0.052083
0 0.955469 0.460417 0.042188 0.041667