0 0.061719 0.123958 0.035937 0.043750
0 0.195312 0.128125 0.040625 0.047917
0 0.269531 0.263542 0.051562 0.056250
0 0.229687 0.441667 0.040625 0.058333
0 0.256250 0.679167 0.046875 0.054167
0 0.046875 0.695833 0.046875 0.050000
0 0.178906 0.813542 0.039062 0.056250
0 0.450781 0.604167 0.042188 0.045833
0 0.513281 0.535417 0.032813 0.050000
0 0.556250 0.612500 0.040625 0.062500
0 0.434375 0.332292 0.034375 0.047917
0 0.522656 0.316667 0.032813 0.045833
0 0.726562 0.556250 0.043750 0.054167
0 0.752344 0.677083 0.039062 0.054167
0 0.886719 0.711458 0.035937 0.064583
0 0.810156 0.453125 0.048438 0.072917
0 0.927344 0.436458 0.039062 0.056250
0 0.866406 0.092708 0.051562 0.052083