0 0.062500 0.134375 0.028125 0.056250
0 0.199219 0.129167 0.045312 0.050000
0 0.270313 0.268750 0.037500 0.066667
0 0.237500 0.450000 0.046875 0.070833
0 0.044531 0.698958 0.029687 0.064583
0 0.253906 0.688542 0.054688 0.060417
0 0.176563 0.813542 0.040625 0.056250
0 0.426563 0.328125 0.040625 0.052083
0 0.520312 0.318750 0.043750 0.058333
0 0.514062 0.533333 0.046875 0.045833
0 0.453125 0.610417 0.031250 0.050000
0 0.552344 0.608333 0.035937 0.050000
0 0.805469 0.459375 0.039062 0.052083
0 0.721094 0.561458 0.039062 0.060417
0 0.758594 0.685417 0.060937 0.083333
0 0.884375 0.703125 0.053125 0.072917
0 0.919531 0.430208 0.045312 0.052083
0 0.861719 0.098958 0.035937 0.056250