0 0.103906 0.121875 0.045312 0.056250
0 0.236719 0.131250 0.045312 0.058333
0 0.303906 0.262500 0.042188 0.070833
0 0.259375 0.443750 0.050000 0.058333
0 0.066406 0.671875 0.026562 0.039583
0 0.274219 0.681250 0.042188 0.050000
0 0.197656 0.807292 0.039062 0.056250
0 0.464844 0.338542 0.042188 0.056250
0 0.557813 0.340625 0.040625 0.064583
0 0.537500 0.551042 0.037500 0.043750
0 0.476562 0.611458 0.031250 0.039583
0 0.578125 0.627083 0.028125 0.041667
0 0.906250 0.116667 0.037500 0.033333
0 0.964844 0.463542 0.035937 0.052083
0 0.845313 0.484375 0.059375 0.047917
0 0.756250 0.579167 0.037500 0.050000
0 0.776563 0.707292 0.031250 0.047917
0 0.910937 0.747917 0.037500 0.054167