0 0.060937 0.131250 0.028125 0.045833
0 0.202344 0.135417 0.039062 0.054167
0 0.272656 0.265625 0.039062 0.052083
0 0.232813 0.448958 0.034375 0.052083
0 0.257031 0.679167 0.032813 0.054167
0 0.046875 0.689583 0.034375 0.054167
0 0.171875 0.808333 0.043750 0.045833
0 0.428125 0.323958 0.025000 0.056250
0 0.523438 0.320833 0.031250 0.050000
0 0.511719 0.537500 0.035937 0.054167
0 0.453125 0.606250 0.025000 0.050000
0 0.550781 0.606250 0.035937 0.041667
0 0.725000 0.555208 0.040625 0.047917
0 0.752344 0.678125 0.039062 0.060417
0 0.882812 0.704167 0.028125 0.054167
0 0.809375 0.453125 0.046875 0.052083
0 0.929688 0.429167 0.034375 0.066667
0 0.860156 0.095833 0.045312 0.041667