0 0.078125 0.114583 0.040625 0.050000
0 0.219531 0.121875 0.039062 0.039583
0 0.288281 0.258333 0.042188 0.050000
0 0.244531 0.445833 0.032813 0.045833
0 0.267969 0.680208 0.045312 0.052083
0 0.189844 0.812500 0.029687 0.054167
0 0.057031 0.683333 0.039062 0.058333
0 0.446875 0.327083 0.037500 0.050000
0 0.540625 0.323958 0.043750 0.056250
0 0.525000 0.542708 0.031250 0.047917
0 0.564844 0.613542 0.029687 0.056250
0 0.464844 0.610417 0.039062 0.050000
0 0.739844 0.564583 0.029687 0.054167
0 0.763281 0.691667 0.035937 0.050000
0 0.902344 0.731250 0.048438 0.054167
0 0.827344 0.465625 0.032813 0.052083
0 0.952344 0.446875 0.032813 0.068750
0 0.890625 0.108333 0.034375 0.054167