0 0.102344 0.120833 0.026562 0.041667
0 0.233594 0.121875 0.029687 0.035417
0 0.069531 0.675000 0.029687 0.041667
0 0.297656 0.263542 0.020313 0.047917
0 0.259375 0.440625 0.031250 0.060417
0 0.275000 0.682292 0.031250 0.043750
0 0.198437 0.807292 0.021875 0.047917
0 0.463281 0.337500 0.023438 0.054167
0 0.557031 0.336458 0.029687 0.047917
0 0.533594 0.545833 0.020313 0.037500
0 0.475000 0.620833 0.021875 0.045833
0 0.578906 0.628125 0.029687 0.039583
0 0.910156 0.125000 0.045312 0.041667
0 0.838281 0.476042 0.029687 0.056250
0 0.959375 0.470833 0.031250 0.058333
0 0.754687 0.578125 0.037500 0.052083
0 0.773438 0.706250 0.031250 0.037500
0 0.910156 0.739583 0.026562 0.050000