0 0.099219 0.118750 0.032813 0.045833
0 0.233594 0.127083 0.029687 0.037500
0 0.307812 0.271875 0.046875 0.052083
0 0.260937 0.442708 0.031250 0.056250
0 0.067969 0.676042 0.032813 0.052083
0 0.275000 0.678125 0.034375 0.047917
0 0.198437 0.810417 0.028125 0.045833
0 0.460938 0.333333 0.031250 0.041667
0 0.557031 0.331250 0.029687 0.033333
0 0.535937 0.542708 0.040625 0.027083
0 0.473438 0.612500 0.025000 0.033333
0 0.572656 0.622917 0.023438 0.029167
0 0.905469 0.122917 0.032813 0.037500
0 0.964844 0.462500 0.026562 0.050000
0 0.839844 0.476042 0.029687 0.035417
0 0.750781 0.571875 0.035937 0.035417
0 0.779687 0.708333 0.025000 0.045833
0 0.910156 0.735417 0.032813 0.041667