0 0.080469 0.121875 0.042188 0.052083
0 0.219531 0.119792 0.042188 0.052083
0 0.289062 0.258333 0.034375 0.054167
0 0.244531 0.439583 0.039062 0.045833
0 0.263281 0.675000 0.042188 0.062500
0 0.186719 0.806250 0.039062 0.062500
0 0.057031 0.683333 0.039062 0.054167
0 0.449219 0.325000 0.032813 0.045833
0 0.542969 0.321875 0.035937 0.052083
0 0.525000 0.540625 0.037500 0.043750
0 0.465625 0.608333 0.037500 0.045833
0 0.564063 0.614583 0.043750 0.037500
0 0.742188 0.563542 0.037500 0.043750
0 0.765625 0.692708 0.046875 0.052083
0 0.899219 0.727083 0.035937 0.058333
0 0.828125 0.466667 0.037500 0.062500
0 0.949219 0.441667 0.042188 0.058333
0 0.889844 0.104167 0.039062 0.050000