0 0.102344 0.120833 0.026562 0.037500
0 0.232813 0.129167 0.034375 0.045833
0 0.300000 0.265625 0.034375 0.052083
0 0.260937 0.442708 0.037500 0.056250
0 0.069531 0.671875 0.048438 0.043750
0 0.276562 0.687500 0.037500 0.054167
0 0.196094 0.807292 0.032813 0.056250
0 0.457813 0.337500 0.037500 0.045833
0 0.555469 0.338542 0.032813 0.064583
0 0.532813 0.543750 0.040625 0.050000
0 0.478125 0.611458 0.028125 0.035417
0 0.574219 0.618750 0.023438 0.033333
0 0.750781 0.571875 0.029687 0.056250
0 0.907031 0.122917 0.039062 0.050000
0 0.962500 0.468750 0.034375 0.062500
0 0.844531 0.476042 0.045312 0.056250
0 0.780469 0.708333 0.045312 0.062500
0 0.915625 0.742708 0.043750 0.064583