0 0.063281 0.126042 0.042188 0.052083
0 0.196875 0.131250 0.040625 0.050000
0 0.271094 0.260417 0.045312 0.058333
0 0.230469 0.441667 0.057813 0.070833
0 0.262500 0.683333 0.050000 0.075000
0 0.182031 0.816667 0.057813 0.058333
0 0.049219 0.693750 0.051562 0.058333
0 0.454688 0.606250 0.037500 0.050000
0 0.510938 0.530208 0.046875 0.060417
0 0.555469 0.609375 0.039062 0.047917
0 0.433594 0.330208 0.042188 0.064583
0 0.525781 0.322917 0.032813 0.054167
0 0.753125 0.683333 0.050000 0.070833
0 0.882812 0.705208 0.046875 0.068750
0 0.726562 0.547917 0.056250 0.058333
0 0.816406 0.453125 0.067187 0.068750
0 0.930469 0.437500 0.054688 0.075000
0 0.868750 0.104167 0.053125 0.058333