0 0.060937 0.130208 0.031250 0.043750
0 0.198437 0.129167 0.028125 0.045833
0 0.267969 0.262500 0.042188 0.058333
0 0.226562 0.450000 0.043750 0.054167
0 0.042969 0.691667 0.051562 0.045833
0 0.173437 0.811458 0.043750 0.047917
0 0.257031 0.685417 0.042188 0.050000
0 0.450781 0.610417 0.026562 0.050000
0 0.513281 0.539583 0.045312 0.041667
0 0.552344 0.612500 0.029687 0.041667
0 0.431250 0.327083 0.021875 0.054167
0 0.521875 0.326042 0.031250 0.031250
0 0.861719 0.096875 0.039062 0.043750
0 0.807031 0.453125 0.032813 0.052083
0 0.928125 0.437500 0.034375 0.045833
0 0.721875 0.557292 0.043750 0.064583
0 0.746875 0.678125 0.046875 0.052083
0 0.883594 0.708333 0.035937 0.058333