0 0.102344 0.115625 0.032813 0.039583
0 0.230469 0.122917 0.032813 0.050000
0 0.302344 0.261458 0.048438 0.052083
0 0.260937 0.440625 0.043750 0.052083
0 0.072656 0.670833 0.042188 0.050000
0 0.273438 0.679167 0.037500 0.054167
0 0.196094 0.806250 0.039062 0.045833
0 0.460156 0.334375 0.020313 0.039583
0 0.554688 0.330208 0.037500 0.043750
0 0.533594 0.543750 0.035937 0.033333
0 0.475000 0.615625 0.034375 0.047917
0 0.576562 0.620833 0.037500 0.037500
0 0.906250 0.122917 0.040625 0.041667
0 0.961719 0.464583 0.032813 0.045833
0 0.842969 0.479167 0.051562 0.058333
0 0.749219 0.573958 0.032813 0.056250
0 0.777344 0.706250 0.042188 0.050000
0 0.916406 0.747917 0.051562 0.062500