0 0.082031 0.115625 0.042188 0.056250
0 0.216406 0.115625 0.048438 0.043750
0 0.288281 0.253125 0.048438 0.064583
0 0.243750 0.435417 0.037500 0.058333
0 0.266406 0.668750 0.039062 0.066667
0 0.189062 0.803125 0.034375 0.052083
0 0.057031 0.675000 0.054688 0.045833
0 0.465625 0.606250 0.050000 0.041667
0 0.528125 0.539583 0.040625 0.045833
0 0.564063 0.607292 0.031250 0.047917
0 0.449219 0.325000 0.035937 0.045833
0 0.546094 0.326042 0.039062 0.056250
0 0.743750 0.564583 0.050000 0.066667
0 0.765625 0.687500 0.046875 0.054167
0 0.903125 0.723958 0.053125 0.068750
0 0.828125 0.460417 0.037500 0.062500
0 0.949219 0.442708 0.045312 0.060417
0 0.885938 0.107292 0.040625 0.056250