0 0.102344 0.116667 0.035937 0.050000
0 0.234375 0.126042 0.031250 0.047917
0 0.301563 0.264583 0.040625 0.066667
0 0.260156 0.438542 0.035937 0.047917
0 0.277344 0.675000 0.032813 0.045833
0 0.071875 0.675000 0.046875 0.050000
0 0.196875 0.800000 0.021875 0.054167
0 0.462500 0.337500 0.037500 0.050000
0 0.555469 0.337500 0.029687 0.050000
0 0.535156 0.543750 0.029687 0.041667
0 0.478906 0.613542 0.026562 0.039583
0 0.577344 0.630208 0.045312 0.039583
0 0.910156 0.132292 0.039062 0.052083
0 0.972656 0.458333 0.054688 0.054167
0 0.842187 0.480208 0.046875 0.060417
0 0.750781 0.575000 0.039062 0.050000
0 0.776563 0.706250 0.037500 0.041667
0 0.920312 0.739583 0.050000 0.062500