0 0.091406 0.133333 0.039062 0.050000
0 0.222656 0.136458 0.032813 0.039583
0 0.295312 0.269792 0.043750 0.064583
0 0.254688 0.452083 0.037500 0.054167
0 0.268750 0.682292 0.031250 0.056250
0 0.064844 0.690625 0.054688 0.043750
0 0.193750 0.812500 0.028125 0.050000
0 0.450000 0.328125 0.037500 0.047917
0 0.542969 0.329167 0.029687 0.045833
0 0.532031 0.541667 0.039062 0.037500
0 0.468750 0.618750 0.034375 0.041667
0 0.571094 0.617708 0.045312 0.047917
0 0.741406 0.565625 0.045312 0.043750
0 0.764062 0.694792 0.037500 0.043750
0 0.903906 0.723958 0.039062 0.056250
0 0.831250 0.473958 0.050000 0.068750
0 0.949219 0.453125 0.048438 0.060417
0 0.885938 0.114583 0.040625 0.037500