0 0.065625 0.133333 0.037500 0.050000
0 0.196094 0.128125 0.035937 0.043750
0 0.267188 0.265625 0.046875 0.039583
0 0.231250 0.442708 0.046875 0.064583
0 0.250781 0.677083 0.048438 0.050000
0 0.180469 0.812500 0.039062 0.054167
0 0.048438 0.697917 0.050000 0.054167
0 0.453906 0.608333 0.035937 0.041667
0 0.513281 0.537500 0.032813 0.037500
0 0.552344 0.608333 0.029687 0.041667
0 0.430469 0.327083 0.048438 0.037500
0 0.522656 0.321875 0.032813 0.043750
0 0.724219 0.561458 0.045312 0.043750
0 0.748437 0.677083 0.043750 0.050000
0 0.882031 0.711458 0.042188 0.060417
0 0.811719 0.457292 0.039062 0.056250
0 0.927344 0.439583 0.032813 0.058333
0 0.861719 0.100000 0.039062 0.050000