0 0.304688 0.259375 0.034375 0.047917
0 0.103906 0.116667 0.039062 0.050000
0 0.233594 0.118750 0.026562 0.041667
0 0.065625 0.673958 0.021875 0.056250
0 0.260937 0.438542 0.034375 0.047917
0 0.277344 0.673958 0.035937 0.047917
0 0.195312 0.804167 0.031250 0.054167
0 0.475000 0.611458 0.028125 0.047917
0 0.575781 0.620833 0.026562 0.045833
0 0.538281 0.546875 0.032813 0.043750
0 0.460938 0.328125 0.028125 0.047917
0 0.554688 0.326042 0.028125 0.056250
0 0.750000 0.573958 0.031250 0.047917
0 0.842969 0.471875 0.035937 0.047917
0 0.908594 0.113542 0.032813 0.047917
0 0.964063 0.460417 0.034375 0.041667
0 0.775000 0.705208 0.037500 0.047917
0 0.910937 0.744792 0.031250 0.060417