0 0.107813 0.131250 0.046875 0.058333
0 0.232031 0.126042 0.032813 0.056250
0 0.307812 0.259375 0.046875 0.060417
0 0.258594 0.437500 0.048438 0.058333
0 0.068750 0.672917 0.037500 0.045833
0 0.271875 0.685417 0.043750 0.058333
0 0.196875 0.803125 0.037500 0.047917
0 0.463281 0.337500 0.032813 0.041667
0 0.554688 0.338542 0.034375 0.052083
0 0.532031 0.546875 0.023438 0.035417
0 0.471094 0.619792 0.032813 0.047917
0 0.579688 0.622917 0.034375 0.033333
0 0.910937 0.123958 0.043750 0.039583
0 0.965625 0.462500 0.040625 0.058333
0 0.849219 0.482292 0.054688 0.056250
0 0.754687 0.572917 0.034375 0.041667
0 0.779687 0.708333 0.037500 0.066667
0 0.919531 0.745833 0.067187 0.062500