0 0.078125 0.117708 0.043750 0.052083
0 0.221875 0.119792 0.046875 0.039583
0 0.289062 0.261458 0.034375 0.060417
0 0.247656 0.445833 0.042188 0.062500
0 0.265625 0.684375 0.031250 0.047917
0 0.187500 0.808333 0.034375 0.062500
0 0.056250 0.681250 0.037500 0.041667
0 0.465625 0.610417 0.040625 0.050000
0 0.527344 0.547917 0.042188 0.050000
0 0.565625 0.618750 0.034375 0.050000
0 0.446875 0.326042 0.037500 0.043750
0 0.539844 0.323958 0.032813 0.056250
0 0.739844 0.563542 0.035937 0.043750
0 0.767188 0.693750 0.040625 0.050000
0 0.899219 0.729167 0.039062 0.054167
0 0.828125 0.466667 0.040625 0.050000
0 0.950000 0.452083 0.043750 0.045833
0 0.889062 0.110417 0.034375 0.054167