0 0.064062 0.128125 0.031250 0.052083
0 0.199219 0.135417 0.032813 0.050000
0 0.272656 0.266667 0.039062 0.041667
0 0.234375 0.445833 0.043750 0.075000
0 0.255469 0.683333 0.032813 0.050000
0 0.046875 0.694792 0.040625 0.052083
0 0.177344 0.812500 0.042188 0.045833
0 0.429688 0.330208 0.018750 0.056250
0 0.523438 0.323958 0.025000 0.043750
0 0.448437 0.605208 0.043750 0.039583
0 0.511719 0.536458 0.029687 0.039583
0 0.552344 0.607292 0.026562 0.056250
0 0.860156 0.097917 0.039062 0.041667
0 0.926562 0.433333 0.050000 0.054167
0 0.806250 0.453125 0.050000 0.052083
0 0.725000 0.556250 0.037500 0.045833
0 0.752344 0.672917 0.032813 0.058333
0 0.883594 0.710417 0.039062 0.058333