0 0.092188 0.141667 0.037500 0.037500
0 0.224219 0.132292 0.023438 0.047917
0 0.292969 0.266667 0.042188 0.045833
0 0.253906 0.452083 0.042188 0.050000
0 0.267188 0.679167 0.040625 0.054167
0 0.195312 0.811458 0.034375 0.047917
0 0.065625 0.691667 0.037500 0.045833
0 0.450000 0.336458 0.028125 0.056250
0 0.542188 0.326042 0.028125 0.047917
0 0.528906 0.541667 0.029687 0.054167
0 0.468750 0.614583 0.031250 0.054167
0 0.567187 0.618750 0.028125 0.050000
0 0.767188 0.693750 0.031250 0.050000
0 0.742188 0.567708 0.034375 0.047917
0 0.828125 0.466667 0.037500 0.054167
0 0.947656 0.458333 0.035937 0.045833
0 0.900781 0.722917 0.032813 0.054167
0 0.884375 0.119792 0.037500 0.047917