0 0.081250 0.117708 0.037500 0.043750
0 0.217969 0.120833 0.035937 0.037500
0 0.293750 0.257292 0.050000 0.052083
0 0.243750 0.442708 0.040625 0.052083
0 0.266406 0.676042 0.045312 0.052083
0 0.186719 0.806250 0.032813 0.054167
0 0.059375 0.679167 0.043750 0.045833
0 0.450000 0.328125 0.031250 0.043750
0 0.542969 0.328125 0.029687 0.047917
0 0.526563 0.536458 0.037500 0.052083
0 0.567187 0.613542 0.025000 0.047917
0 0.464844 0.608333 0.039062 0.045833
0 0.737500 0.560417 0.040625 0.045833
0 0.763281 0.688542 0.042188 0.056250
0 0.901563 0.726042 0.037500 0.047917
0 0.831250 0.460417 0.034375 0.054167
0 0.950781 0.447917 0.039062 0.050000
0 0.885938 0.109375 0.043750 0.047917