0 0.101562 0.117708 0.028125 0.031250
0 0.232813 0.120833 0.021875 0.033333
0 0.302344 0.261458 0.026562 0.039583
0 0.259375 0.441667 0.040625 0.050000
0 0.274219 0.678125 0.032813 0.060417
0 0.067969 0.670833 0.023438 0.041667
0 0.460156 0.332292 0.026562 0.031250
0 0.554688 0.332292 0.025000 0.039583
0 0.533594 0.548958 0.023438 0.027083
0 0.472656 0.612500 0.023438 0.037500
0 0.573438 0.620833 0.021875 0.025000
0 0.906250 0.121875 0.018750 0.031250
0 0.962500 0.460417 0.031250 0.033333
0 0.841406 0.478125 0.032813 0.039583
0 0.750781 0.572917 0.023438 0.041667
0 0.771875 0.702083 0.028125 0.041667
0 0.916406 0.743750 0.042188 0.050000
0 0.196094 0.809375 0.017188 0.056250