0 0.100000 0.117708 0.031250 0.043750
0 0.239844 0.118750 0.035937 0.050000
0 0.305469 0.267708 0.032813 0.047917
0 0.260937 0.436458 0.037500 0.047917
0 0.066406 0.671875 0.029687 0.052083
0 0.277344 0.671875 0.048438 0.047917
0 0.195312 0.806250 0.043750 0.054167
0 0.471875 0.609375 0.025000 0.039583
0 0.535156 0.540625 0.026562 0.043750
0 0.574219 0.617708 0.029687 0.047917
0 0.460938 0.326042 0.028125 0.047917
0 0.556250 0.335417 0.028125 0.054167
0 0.910156 0.115625 0.026562 0.047917
0 0.964063 0.467708 0.037500 0.052083
0 0.839063 0.471875 0.037500 0.056250
0 0.750781 0.576042 0.048438 0.052083
0 0.775000 0.705208 0.031250 0.052083
0 0.914062 0.737500 0.034375 0.054167