0 0.081250 0.119792 0.040625 0.052083
0 0.217188 0.117708 0.043750 0.043750
0 0.286719 0.256250 0.029687 0.066667
0 0.248438 0.439583 0.040625 0.050000
0 0.267188 0.672917 0.034375 0.062500
0 0.185938 0.805208 0.040625 0.056250
0 0.057031 0.676042 0.039062 0.052083
0 0.446875 0.325000 0.031250 0.045833
0 0.540625 0.318750 0.034375 0.045833
0 0.527344 0.540625 0.029687 0.043750
0 0.567969 0.608333 0.035937 0.045833
0 0.467187 0.609375 0.043750 0.056250
0 0.740625 0.563542 0.046875 0.043750
0 0.765625 0.688542 0.040625 0.056250
0 0.901563 0.723958 0.046875 0.047917
0 0.831250 0.464583 0.040625 0.058333
0 0.948438 0.447917 0.046875 0.050000
0 0.892969 0.104167 0.045312 0.045833