0 0.100781 0.120833 0.029687 0.033333
0 0.235937 0.125000 0.034375 0.045833
0 0.303125 0.265625 0.028125 0.047917
0 0.260937 0.441667 0.037500 0.045833
0 0.279687 0.670833 0.043750 0.037500
0 0.068750 0.671875 0.025000 0.035417
0 0.195312 0.806250 0.025000 0.054167
0 0.464062 0.337500 0.031250 0.050000
0 0.554688 0.333333 0.028125 0.037500
0 0.535937 0.546875 0.034375 0.035417
0 0.473438 0.614583 0.028125 0.037500
0 0.571875 0.621875 0.028125 0.035417
0 0.910156 0.121875 0.023438 0.031250
0 0.963281 0.462500 0.035937 0.041667
0 0.839063 0.478125 0.040625 0.047917
0 0.749219 0.572917 0.032813 0.041667
0 0.781250 0.711458 0.037500 0.035417
0 0.917969 0.744792 0.039062 0.047917