0 0.061719 0.127083 0.029687 0.050000
0 0.198437 0.131250 0.034375 0.045833
0 0.267969 0.267708 0.048438 0.047917
0 0.235937 0.454167 0.056250 0.070833
0 0.251563 0.675000 0.053125 0.058333
0 0.041406 0.683333 0.045312 0.058333
0 0.182031 0.816667 0.051562 0.045833
0 0.432812 0.325000 0.040625 0.054167
0 0.522656 0.321875 0.023438 0.060417
0 0.512500 0.536458 0.034375 0.047917
0 0.451562 0.607292 0.037500 0.052083
0 0.553125 0.609375 0.040625 0.039583
0 0.723437 0.557292 0.037500 0.039583
0 0.750781 0.682292 0.051562 0.052083
0 0.882031 0.705208 0.048438 0.052083
0 0.810937 0.459375 0.056250 0.056250
0 0.926562 0.435417 0.040625 0.054167
0 0.864062 0.100000 0.040625 0.041667