0 0.096875 0.106250 0.046875 0.062500
0 0.235937 0.114583 0.040625 0.045833
0 0.297656 0.252083 0.057813 0.062500
0 0.255469 0.426042 0.051562 0.064583
0 0.275781 0.679167 0.057813 0.054167
0 0.053125 0.657292 0.062500 0.068750
0 0.193750 0.782292 0.050000 0.081250
0 0.475781 0.600000 0.039062 0.058333
0 0.575781 0.611458 0.048438 0.039583
0 0.532813 0.534375 0.043750 0.052083
0 0.462500 0.325000 0.059375 0.037500
0 0.554688 0.319792 0.053125 0.064583
0 0.753125 0.554167 0.043750 0.083333
0 0.766406 0.694792 0.060937 0.060417
0 0.916406 0.741667 0.070312 0.079167
0 0.842969 0.467708 0.039062 0.056250
0 0.966406 0.462500 0.045312 0.054167
0 0.909375 0.110417 0.034375 0.050000