0 0.103125 0.118750 0.037500 0.041667
0 0.231250 0.120833 0.037500 0.041667
0 0.304688 0.258333 0.037500 0.041667
0 0.260937 0.437500 0.037500 0.041667
0 0.274219 0.679167 0.042188 0.045833
0 0.057031 0.675000 0.042188 0.045833
0 0.197656 0.810417 0.042188 0.045833
0 0.467969 0.612500 0.042188 0.045833
0 0.522656 0.547917 0.042188 0.045833
0 0.574219 0.622917 0.042188 0.045833
0 0.460156 0.335417 0.042188 0.045833
0 0.553906 0.329167 0.042188 0.045833
0 0.910156 0.110417 0.042188 0.045833
0 0.966406 0.456250 0.042188 0.045833
0 0.838281 0.468750 0.042188 0.045833
0 0.749219 0.564583 0.042188 0.045833
0 0.771094 0.695833 0.042188 0.045833
0 0.911719 0.743750 0.042188 0.045833