0 0.090625 0.117708 0.031250 0.039583
0 0.230469 0.120833 0.039062 0.045833
0 0.300781 0.259375 0.029687 0.043750
0 0.260156 0.439583 0.042188 0.050000
0 0.276562 0.675000 0.034375 0.029167
0 0.071875 0.669792 0.040625 0.035417
0 0.196094 0.800000 0.029687 0.050000
0 0.476562 0.613542 0.040625 0.035417
0 0.575781 0.618750 0.035937 0.045833
0 0.535156 0.546875 0.026562 0.039583
0 0.458594 0.331250 0.035937 0.037500
0 0.550781 0.334375 0.035937 0.043750
0 0.844531 0.471875 0.042188 0.052083
0 0.961719 0.466667 0.035937 0.041667
0 0.751563 0.572917 0.034375 0.050000
0 0.773438 0.700000 0.031250 0.050000
0 0.907813 0.736458 0.034375 0.047917
0 0.904687 0.118750 0.037500 0.037500