0 0.103125 0.120833 0.028125 0.033333
0 0.233594 0.129167 0.029687 0.045833
0 0.301563 0.263542 0.025000 0.039583
0 0.256250 0.438542 0.034375 0.043750
0 0.278125 0.677083 0.034375 0.054167
0 0.069531 0.673958 0.039062 0.056250
0 0.195312 0.810417 0.025000 0.050000
0 0.464844 0.337500 0.026562 0.041667
0 0.553125 0.332292 0.031250 0.043750
0 0.532031 0.552083 0.020313 0.050000
0 0.470313 0.613542 0.028125 0.031250
0 0.573438 0.622917 0.028125 0.029167
0 0.905469 0.119792 0.023438 0.043750
0 0.959375 0.459375 0.031250 0.043750
0 0.843750 0.481250 0.040625 0.050000
0 0.750781 0.570833 0.039062 0.033333
0 0.778906 0.711458 0.035937 0.056250
0 0.911719 0.742708 0.026562 0.039583