0 0.100781 0.114583 0.029687 0.037500
0 0.233594 0.121875 0.026562 0.027083
0 0.303906 0.258333 0.029687 0.041667
0 0.255469 0.440625 0.039062 0.047917
0 0.068750 0.669792 0.025000 0.047917
0 0.278125 0.677083 0.040625 0.050000
0 0.198437 0.800000 0.028125 0.045833
0 0.453906 0.332292 0.032813 0.035417
0 0.550000 0.330208 0.025000 0.039583
0 0.475000 0.614583 0.031250 0.033333
0 0.535156 0.548958 0.029687 0.035417
0 0.575000 0.620833 0.031250 0.041667
0 0.842187 0.472917 0.034375 0.037500
0 0.750781 0.576042 0.032813 0.035417
0 0.771875 0.703125 0.031250 0.047917
0 0.907031 0.735417 0.039062 0.050000
0 0.962500 0.463542 0.034375 0.047917
0 0.905469 0.120833 0.029687 0.041667