0 0.064844 0.126042 0.035937 0.052083
0 0.193750 0.130208 0.040625 0.060417
0 0.271094 0.260417 0.032813 0.045833
0 0.233594 0.438542 0.042188 0.056250
0 0.253125 0.675000 0.040625 0.050000
0 0.178125 0.809375 0.046875 0.056250
0 0.043750 0.688542 0.040625 0.043750
0 0.452344 0.597917 0.023438 0.054167
0 0.514062 0.533333 0.031250 0.045833
0 0.552344 0.603125 0.048438 0.056250
0 0.432031 0.322917 0.029687 0.045833
0 0.520312 0.315625 0.034375 0.043750
0 0.807813 0.450000 0.046875 0.058333
0 0.725781 0.548958 0.045312 0.052083
0 0.753125 0.677083 0.043750 0.050000
0 0.883594 0.704167 0.039062 0.066667
0 0.928125 0.431250 0.040625 0.062500
0 0.859375 0.097917 0.043750 0.058333