0 0.100000 0.117708 0.021875 0.035417
0 0.242188 0.123958 0.046875 0.035417
0 0.302344 0.263542 0.032813 0.047917
0 0.257031 0.438542 0.035937 0.043750
0 0.068750 0.667708 0.031250 0.052083
0 0.269531 0.684375 0.045312 0.047917
0 0.191406 0.800000 0.032813 0.054167
0 0.471094 0.605208 0.029687 0.039583
0 0.571094 0.612500 0.032813 0.041667
0 0.533594 0.544792 0.032813 0.043750
0 0.461719 0.332292 0.032813 0.039583
0 0.547656 0.329167 0.029687 0.037500
0 0.750000 0.578125 0.034375 0.039583
0 0.771875 0.702083 0.031250 0.045833
0 0.909375 0.732292 0.031250 0.043750
0 0.843750 0.475000 0.040625 0.050000
0 0.957031 0.463542 0.042188 0.043750
0 0.902344 0.115625 0.039062 0.039583