0 0.096094 0.111458 0.032813 0.043750
0 0.229687 0.122917 0.037500 0.037500
0 0.304688 0.263542 0.037500 0.056250
0 0.259375 0.442708 0.040625 0.043750
0 0.271094 0.672917 0.035937 0.054167
0 0.067969 0.671875 0.039062 0.052083
0 0.191406 0.802083 0.045312 0.050000
0 0.470313 0.612500 0.043750 0.045833
0 0.576562 0.619792 0.034375 0.039583
0 0.537500 0.550000 0.028125 0.037500
0 0.463281 0.329167 0.035937 0.050000
0 0.553125 0.326042 0.037500 0.039583
0 0.750781 0.576042 0.042188 0.043750
0 0.777344 0.698958 0.042188 0.043750
0 0.908594 0.740625 0.060937 0.047917
0 0.840625 0.471875 0.034375 0.039583
0 0.957031 0.461458 0.039062 0.052083
0 0.905469 0.118750 0.042188 0.045833