0 0.103125 0.116667 0.021875 0.033333
0 0.231250 0.121875 0.028125 0.035417
0 0.303125 0.264583 0.025000 0.033333
0 0.257812 0.440625 0.031250 0.035417
0 0.275781 0.681250 0.020313 0.045833
0 0.067969 0.668750 0.023438 0.029167
0 0.462500 0.332292 0.021875 0.027083
0 0.553906 0.330208 0.020313 0.027083
0 0.531250 0.546875 0.018750 0.027083
0 0.475781 0.619792 0.020313 0.035417
0 0.574219 0.625000 0.023438 0.029167
0 0.905469 0.122917 0.020313 0.033333
0 0.961719 0.464583 0.026562 0.033333
0 0.839063 0.475000 0.018750 0.029167
0 0.750781 0.573958 0.029687 0.022917
0 0.775000 0.707292 0.015625 0.027083
0 0.913281 0.739583 0.020313 0.033333
0 0.195312 0.808333 0.018750 0.037500