0 0.103906 0.121875 0.032813 0.035417
0 0.235937 0.128125 0.028125 0.035417
0 0.300000 0.264583 0.034375 0.041667
0 0.260156 0.438542 0.026562 0.052083
0 0.273438 0.678125 0.034375 0.052083
0 0.065625 0.672917 0.018750 0.041667
0 0.196875 0.808333 0.028125 0.050000
0 0.464062 0.335417 0.037500 0.033333
0 0.553125 0.330208 0.028125 0.039583
0 0.533594 0.546875 0.029687 0.035417
0 0.473438 0.612500 0.028125 0.037500
0 0.575000 0.622917 0.021875 0.037500
0 0.907813 0.123958 0.034375 0.047917
0 0.964844 0.466667 0.029687 0.050000
0 0.846875 0.480208 0.059375 0.052083
0 0.750781 0.573958 0.039062 0.039583
0 0.775000 0.704167 0.031250 0.050000
0 0.910937 0.740625 0.037500 0.047917