0 0.089844 0.136458 0.039062 0.043750
0 0.221094 0.130208 0.048438 0.043750
0 0.292969 0.269792 0.042188 0.068750
0 0.256250 0.446875 0.043750 0.052083
0 0.270313 0.678125 0.050000 0.064583
0 0.062500 0.687500 0.037500 0.066667
0 0.196875 0.819792 0.043750 0.077083
0 0.471875 0.611458 0.046875 0.043750
0 0.571094 0.617708 0.048438 0.056250
0 0.527344 0.544792 0.032813 0.056250
0 0.449219 0.335417 0.023438 0.050000
0 0.542969 0.329167 0.032813 0.054167
0 0.746094 0.565625 0.035937 0.043750
0 0.824219 0.462500 0.051562 0.050000
0 0.767188 0.693750 0.031250 0.058333
0 0.898438 0.721875 0.050000 0.056250
0 0.948438 0.448958 0.053125 0.056250
0 0.881250 0.109375 0.040625 0.056250