0 0.100781 0.120833 0.032813 0.041667
0 0.227344 0.117708 0.035937 0.056250
0 0.300781 0.259375 0.042188 0.060417
0 0.261719 0.440625 0.035937 0.035417
0 0.067969 0.666667 0.039062 0.050000
0 0.271875 0.679167 0.043750 0.058333
0 0.200000 0.794792 0.043750 0.060417
0 0.467969 0.611458 0.045312 0.056250
0 0.576562 0.616667 0.043750 0.045833
0 0.536719 0.536458 0.035937 0.052083
0 0.463281 0.332292 0.035937 0.052083
0 0.553906 0.331250 0.035937 0.050000
0 0.907031 0.118750 0.048438 0.045833
0 0.842187 0.470833 0.037500 0.050000
0 0.955469 0.458333 0.045312 0.045833
0 0.745313 0.572917 0.043750 0.054167
0 0.774219 0.701042 0.032813 0.052083
0 0.908594 0.734375 0.048438 0.064583