0 0.096875 0.111458 0.031250 0.043750
0 0.230469 0.121875 0.029687 0.043750
0 0.300781 0.261458 0.039062 0.039583
0 0.257031 0.439583 0.048438 0.045833
0 0.068750 0.663542 0.028125 0.056250
0 0.277344 0.673958 0.045312 0.052083
0 0.196875 0.795833 0.050000 0.050000
0 0.469531 0.608333 0.032813 0.037500
0 0.569531 0.617708 0.039062 0.039583
0 0.530469 0.546875 0.039062 0.035417
0 0.456250 0.328125 0.034375 0.043750
0 0.552344 0.328125 0.029687 0.043750
0 0.750000 0.568750 0.034375 0.050000
0 0.773438 0.700000 0.040625 0.050000
0 0.907031 0.734375 0.042188 0.052083
0 0.839844 0.468750 0.035937 0.050000
0 0.967969 0.462500 0.035937 0.037500
0 0.902344 0.118750 0.042188 0.045833