0 0.082812 0.118750 0.046875 0.041667
0 0.220312 0.123958 0.040625 0.047917
0 0.289062 0.261458 0.050000 0.047917
0 0.247656 0.438542 0.042188 0.064583
0 0.266406 0.672917 0.042188 0.058333
0 0.193750 0.805208 0.043750 0.056250
0 0.057031 0.673958 0.039062 0.056250
0 0.447656 0.322917 0.039062 0.054167
0 0.539844 0.321875 0.035937 0.052083
0 0.525781 0.539583 0.035937 0.058333
0 0.464844 0.609375 0.029687 0.056250
0 0.564844 0.615625 0.039062 0.047917
0 0.739844 0.564583 0.042188 0.050000
0 0.768750 0.689583 0.040625 0.054167
0 0.901563 0.726042 0.053125 0.056250
0 0.828125 0.468750 0.043750 0.062500
0 0.946875 0.444792 0.046875 0.052083
0 0.889062 0.109375 0.034375 0.043750