0 0.103906 0.116667 0.035937 0.045833
0 0.233594 0.126042 0.039062 0.039583
0 0.302344 0.265625 0.035937 0.047917
0 0.258594 0.439583 0.029687 0.050000
0 0.275781 0.677083 0.045312 0.050000
0 0.069531 0.670833 0.042188 0.041667
0 0.204687 0.811458 0.056250 0.064583
0 0.459375 0.331250 0.034375 0.050000
0 0.557813 0.341667 0.056250 0.058333
0 0.533594 0.545833 0.039062 0.045833
0 0.476562 0.615625 0.043750 0.052083
0 0.572656 0.618750 0.026562 0.066667
0 0.909375 0.130208 0.043750 0.052083
0 0.962500 0.461458 0.037500 0.047917
0 0.846875 0.476042 0.043750 0.060417
0 0.753906 0.575000 0.035937 0.050000
0 0.776563 0.706250 0.046875 0.041667
0 0.910937 0.743750 0.031250 0.041667