0 0.096875 0.119792 0.046875 0.052083
0 0.230469 0.126042 0.045312 0.043750
0 0.303125 0.255208 0.040625 0.056250
0 0.271094 0.443750 0.054688 0.050000
0 0.080469 0.666667 0.054688 0.075000
0 0.264062 0.672917 0.059375 0.045833
0 0.196094 0.801042 0.051562 0.052083
0 0.472656 0.613542 0.057813 0.056250
0 0.569531 0.619792 0.051562 0.047917
0 0.535937 0.542708 0.037500 0.052083
0 0.460156 0.329167 0.048438 0.062500
0 0.554688 0.331250 0.037500 0.045833
0 0.752344 0.579167 0.048438 0.066667
0 0.775000 0.700000 0.031250 0.054167
0 0.913281 0.737500 0.042188 0.054167
0 0.838281 0.472917 0.048438 0.058333
0 0.958594 0.464583 0.045312 0.058333
0 0.905469 0.117708 0.045312 0.052083