0 0.061719 0.126042 0.035937 0.043750
0 0.194531 0.133333 0.048438 0.058333
0 0.275781 0.269792 0.051562 0.060417
0 0.231250 0.443750 0.046875 0.070833
0 0.253906 0.684375 0.070312 0.056250
0 0.050000 0.693750 0.050000 0.050000
0 0.181250 0.810417 0.059375 0.062500
0 0.430469 0.325000 0.035937 0.058333
0 0.525781 0.319792 0.035937 0.052083
0 0.453125 0.610417 0.043750 0.050000
0 0.510938 0.536458 0.040625 0.060417
0 0.552344 0.609375 0.035937 0.043750
0 0.864844 0.095833 0.042188 0.054167
0 0.929688 0.443750 0.053125 0.054167
0 0.807031 0.457292 0.051562 0.068750
0 0.729688 0.561458 0.053125 0.047917
0 0.750781 0.682292 0.042188 0.060417
0 0.885938 0.712500 0.050000 0.062500