0 0.066406 0.130208 0.032813 0.043750
0 0.196875 0.125000 0.037500 0.041667
0 0.271094 0.266667 0.035937 0.050000
0 0.230469 0.448958 0.045312 0.056250
0 0.254688 0.677083 0.037500 0.054167
0 0.044531 0.688542 0.029687 0.043750
0 0.181250 0.813542 0.037500 0.060417
0 0.453906 0.605208 0.032813 0.060417
0 0.513281 0.534375 0.026562 0.047917
0 0.551562 0.601042 0.028125 0.060417
0 0.427344 0.323958 0.032813 0.047917
0 0.524219 0.320833 0.035937 0.050000
0 0.861719 0.098958 0.042188 0.047917
0 0.926562 0.434375 0.037500 0.056250
0 0.805469 0.450000 0.039062 0.054167
0 0.721094 0.546875 0.042188 0.056250
0 0.749219 0.678125 0.035937 0.047917
0 0.884375 0.702083 0.034375 0.066667