0 0.061719 0.134375 0.026562 0.052083
0 0.197656 0.134375 0.026562 0.043750
0 0.270313 0.267708 0.034375 0.068750
0 0.226562 0.440625 0.056250 0.060417
0 0.255469 0.676042 0.048438 0.047917
0 0.050000 0.692708 0.050000 0.047917
0 0.177344 0.817708 0.039062 0.043750
0 0.450000 0.608333 0.040625 0.041667
0 0.510938 0.530208 0.043750 0.047917
0 0.555469 0.609375 0.029687 0.047917
0 0.432031 0.327083 0.023438 0.045833
0 0.528906 0.326042 0.029687 0.043750
0 0.860156 0.095833 0.035937 0.045833
0 0.807813 0.454167 0.046875 0.058333
0 0.927344 0.437500 0.039062 0.058333
0 0.728906 0.560417 0.035937 0.054167
0 0.747656 0.677083 0.035937 0.050000
0 0.888281 0.710417 0.029687 0.054167