0 0.086719 0.132292 0.039062 0.056250
0 0.231250 0.132292 0.050000 0.052083
0 0.292969 0.262500 0.042188 0.050000
0 0.251563 0.446875 0.043750 0.056250
0 0.068750 0.682292 0.034375 0.052083
0 0.270313 0.680208 0.043750 0.056250
0 0.450000 0.329167 0.025000 0.045833
0 0.546094 0.323958 0.032813 0.043750
0 0.527344 0.544792 0.039062 0.056250
0 0.465625 0.609375 0.031250 0.056250
0 0.571094 0.615625 0.023438 0.043750
0 0.886719 0.105208 0.042188 0.043750
0 0.946875 0.446875 0.037500 0.056250
0 0.830469 0.462500 0.051562 0.062500
0 0.743750 0.572917 0.025000 0.062500
0 0.761719 0.691667 0.057813 0.041667
0 0.901563 0.716667 0.037500 0.075000
0 0.194531 0.812500 0.045312 0.083333