0 0.089063 0.133333 0.043750 0.050000
0 0.223438 0.132292 0.034375 0.052083
0 0.290625 0.269792 0.046875 0.060417
0 0.246875 0.448958 0.043750 0.043750
0 0.270313 0.675000 0.040625 0.066667
0 0.193750 0.813542 0.028125 0.064583
0 0.062500 0.692708 0.056250 0.056250
0 0.471094 0.615625 0.032813 0.047917
0 0.528125 0.542708 0.031250 0.043750
0 0.565625 0.615625 0.037500 0.047917
0 0.446875 0.334375 0.037500 0.052083
0 0.543750 0.330208 0.031250 0.056250
0 0.878125 0.109375 0.046875 0.047917
0 0.949219 0.453125 0.048438 0.047917
0 0.900000 0.718750 0.050000 0.045833
0 0.831250 0.471875 0.046875 0.056250
0 0.737500 0.565625 0.043750 0.043750
0 0.767188 0.693750 0.040625 0.045833