0 0.101562 0.112500 0.031250 0.062500
0 0.237500 0.125000 0.031250 0.066667
0 0.306250 0.261458 0.031250 0.068750
0 0.260937 0.442708 0.037500 0.072917
0 0.069531 0.671875 0.035937 0.056250
0 0.277344 0.677083 0.035937 0.062500
0 0.199219 0.802083 0.032813 0.050000
0 0.458594 0.332292 0.026562 0.052083
0 0.554688 0.329167 0.028125 0.037500
0 0.535937 0.542708 0.021875 0.039583
0 0.475000 0.608333 0.021875 0.045833
0 0.573438 0.617708 0.021875 0.039583
0 0.908594 0.118750 0.029687 0.050000
0 0.960156 0.458333 0.032813 0.041667
0 0.839063 0.470833 0.031250 0.045833
0 0.747656 0.575000 0.032813 0.050000
0 0.773438 0.700000 0.034375 0.050000
0 0.911719 0.736458 0.032813 0.047917