0 0.060937 0.133333 0.034375 0.045833
0 0.196875 0.131250 0.040625 0.050000
0 0.275000 0.255208 0.028125 0.085417
0 0.228125 0.445833 0.037500 0.045833
0 0.043750 0.691667 0.046875 0.041667
0 0.256250 0.686458 0.046875 0.052083
0 0.180469 0.811458 0.042188 0.047917
0 0.434375 0.332292 0.031250 0.064583
0 0.520312 0.322917 0.034375 0.050000
0 0.513281 0.535417 0.026562 0.045833
0 0.457031 0.608333 0.032813 0.045833
0 0.553125 0.606250 0.031250 0.045833
0 0.747656 0.687500 0.042188 0.054167
0 0.885938 0.714583 0.040625 0.070833
0 0.722656 0.564583 0.051562 0.054167
0 0.812500 0.455208 0.078125 0.060417
0 0.924219 0.436458 0.042188 0.052083
0 0.867969 0.101042 0.057813 0.039583