0 0.094531 0.137500 0.042188 0.054167
0 0.225000 0.136458 0.037500 0.043750
0 0.296094 0.271875 0.032813 0.047917
0 0.253125 0.454167 0.040625 0.054167
0 0.269531 0.678125 0.039062 0.047917
0 0.067969 0.692708 0.039062 0.043750
0 0.192188 0.807292 0.031250 0.060417
0 0.468750 0.617708 0.031250 0.043750
0 0.528125 0.541667 0.031250 0.054167
0 0.567969 0.613542 0.032813 0.056250
0 0.449219 0.335417 0.029687 0.045833
0 0.546094 0.329167 0.032813 0.041667
0 0.742188 0.566667 0.031250 0.037500
0 0.769531 0.691667 0.035937 0.054167
0 0.903906 0.727083 0.026562 0.045833
0 0.830469 0.470833 0.039062 0.058333
0 0.948438 0.454167 0.040625 0.050000
0 0.886719 0.114583 0.026562 0.054167