0 0.082031 0.117708 0.035937 0.047917
0 0.219531 0.120833 0.035937 0.037500
0 0.290625 0.260417 0.040625 0.062500
0 0.250000 0.442708 0.037500 0.068750
0 0.264844 0.677083 0.039062 0.054167
0 0.185938 0.809375 0.037500 0.047917
0 0.056250 0.683333 0.037500 0.058333
0 0.464844 0.609375 0.032813 0.047917
0 0.523438 0.537500 0.034375 0.045833
0 0.565625 0.613542 0.037500 0.035417
0 0.448437 0.326042 0.034375 0.043750
0 0.539844 0.323958 0.035937 0.047917
0 0.903906 0.732292 0.032813 0.052083
0 0.765625 0.692708 0.034375 0.043750
0 0.745313 0.568750 0.034375 0.045833
0 0.828125 0.463542 0.040625 0.052083
0 0.949219 0.445833 0.042188 0.054167
0 0.890625 0.111458 0.031250 0.056250