0 0.104688 0.114583 0.031250 0.041667
0 0.233594 0.122917 0.039062 0.037500
0 0.302344 0.265625 0.032813 0.052083
0 0.261719 0.440625 0.039062 0.052083
0 0.278906 0.685417 0.042188 0.066667
0 0.071875 0.676042 0.031250 0.047917
0 0.198437 0.811458 0.034375 0.047917
0 0.466406 0.340625 0.045312 0.056250
0 0.559375 0.332292 0.040625 0.043750
0 0.909375 0.115625 0.034375 0.031250
0 0.964063 0.463542 0.034375 0.052083
0 0.839844 0.477083 0.042188 0.045833
0 0.756250 0.584375 0.031250 0.068750
0 0.775000 0.708333 0.031250 0.075000
0 0.912500 0.739583 0.031250 0.050000
0 0.478906 0.614583 0.039062 0.037500
0 0.533594 0.547917 0.023438 0.041667
0 0.577344 0.622917 0.029687 0.045833