0 0.092969 0.135417 0.042188 0.054167
0 0.221875 0.127083 0.034375 0.037500
0 0.292969 0.267708 0.045312 0.056250
0 0.249219 0.451042 0.045312 0.047917
0 0.271875 0.678125 0.050000 0.056250
0 0.061719 0.687500 0.042188 0.050000
0 0.190625 0.808333 0.050000 0.050000
0 0.462500 0.616667 0.043750 0.033333
0 0.567969 0.615625 0.045312 0.043750
0 0.739844 0.565625 0.042188 0.056250
0 0.760938 0.683333 0.062500 0.050000
0 0.902344 0.716667 0.048438 0.066667
0 0.831250 0.463542 0.043750 0.043750
0 0.949219 0.451042 0.051562 0.052083
0 0.884375 0.108333 0.037500 0.050000
0 0.450781 0.336458 0.035937 0.060417
0 0.542188 0.330208 0.037500 0.060417
0 0.529687 0.541667 0.028125 0.058333