0 0.102344 0.117708 0.048438 0.035417
0 0.232031 0.117708 0.035937 0.047917
0 0.303125 0.254167 0.034375 0.054167
0 0.259375 0.436458 0.037500 0.043750
0 0.275781 0.677083 0.048438 0.054167
0 0.065625 0.671875 0.040625 0.060417
0 0.207031 0.803125 0.051562 0.047917
0 0.481250 0.611458 0.046875 0.047917
0 0.575000 0.625000 0.043750 0.041667
0 0.539062 0.547917 0.034375 0.050000
0 0.457813 0.327083 0.031250 0.045833
0 0.552344 0.331250 0.039062 0.045833
0 0.749219 0.577083 0.039062 0.050000
0 0.770312 0.701042 0.050000 0.052083
0 0.904687 0.743750 0.056250 0.054167
0 0.846875 0.475000 0.046875 0.050000
0 0.959375 0.465625 0.046875 0.047917
0 0.909375 0.112500 0.053125 0.058333