0 0.100781 0.119792 0.039062 0.047917
0 0.232031 0.128125 0.042188 0.043750
0 0.307031 0.263542 0.042188 0.052083
0 0.255469 0.442708 0.039062 0.056250
0 0.067969 0.668750 0.032813 0.050000
0 0.275781 0.681250 0.035937 0.050000
0 0.198437 0.810417 0.040625 0.058333
0 0.464844 0.340625 0.042188 0.056250
0 0.555469 0.334375 0.042188 0.056250
0 0.534375 0.547917 0.040625 0.050000
0 0.469531 0.613542 0.035937 0.047917
0 0.577344 0.623958 0.045312 0.047917
0 0.906250 0.134375 0.043750 0.064583
0 0.964844 0.462500 0.029687 0.041667
0 0.840625 0.470833 0.031250 0.045833
0 0.751563 0.580208 0.037500 0.056250
0 0.775781 0.707292 0.042188 0.052083
0 0.912500 0.743750 0.028125 0.058333