0 0.081250 0.117708 0.034375 0.043750
0 0.221875 0.121875 0.046875 0.047917
0 0.289062 0.259375 0.043750 0.052083
0 0.246094 0.439583 0.035937 0.054167
0 0.265625 0.678125 0.034375 0.064583
0 0.184375 0.807292 0.034375 0.056250
0 0.057031 0.679167 0.029687 0.050000
0 0.468750 0.609375 0.037500 0.047917
0 0.524219 0.537500 0.035937 0.050000
0 0.564844 0.614583 0.029687 0.045833
0 0.447656 0.326042 0.032813 0.047917
0 0.542188 0.325000 0.037500 0.054167
0 0.741406 0.564583 0.035937 0.045833
0 0.765625 0.693750 0.040625 0.058333
0 0.902344 0.729167 0.039062 0.054167
0 0.831250 0.465625 0.040625 0.060417
0 0.946875 0.447917 0.046875 0.054167
0 0.888281 0.111458 0.032813 0.056250