0 0.089844 0.139583 0.026562 0.033333
0 0.225000 0.140625 0.034375 0.027083
0 0.292187 0.270833 0.025000 0.037500
0 0.253906 0.459375 0.035937 0.052083
0 0.067969 0.688542 0.035937 0.039583
0 0.275000 0.684375 0.040625 0.039583
0 0.197656 0.813542 0.039062 0.047917
0 0.450000 0.337500 0.028125 0.050000
0 0.546094 0.331250 0.026562 0.041667
0 0.531250 0.544792 0.028125 0.035417
0 0.474219 0.621875 0.026562 0.047917
0 0.567969 0.625000 0.023438 0.033333
0 0.741406 0.566667 0.029687 0.050000
0 0.767969 0.696875 0.032813 0.047917
0 0.905469 0.728125 0.035937 0.043750
0 0.952344 0.459375 0.029687 0.039583
0 0.829688 0.470833 0.034375 0.045833
0 0.888281 0.112500 0.035937 0.045833