0 0.083594 0.119792 0.039062 0.052083
0 0.216406 0.117708 0.045312 0.043750
0 0.287500 0.256250 0.040625 0.050000
0 0.245312 0.439583 0.043750 0.058333
0 0.264844 0.676042 0.035937 0.064583
0 0.189062 0.806250 0.040625 0.070833
0 0.058594 0.680208 0.048438 0.060417
0 0.448437 0.325000 0.040625 0.041667
0 0.541406 0.326042 0.032813 0.056250
0 0.525781 0.536458 0.032813 0.052083
0 0.564844 0.613542 0.035937 0.056250
0 0.468750 0.609375 0.046875 0.047917
0 0.739844 0.566667 0.039062 0.054167
0 0.766406 0.689583 0.042188 0.058333
0 0.897656 0.723958 0.045312 0.056250
0 0.836719 0.476042 0.039062 0.068750
0 0.952344 0.448958 0.045312 0.056250
0 0.892188 0.109375 0.043750 0.043750