0 0.104688 0.118750 0.043750 0.045833
0 0.233594 0.130208 0.054688 0.035417
0 0.303906 0.266667 0.039062 0.050000
0 0.257031 0.439583 0.039062 0.054167
0 0.273438 0.673958 0.034375 0.052083
0 0.069531 0.679167 0.035937 0.054167
0 0.195312 0.807292 0.037500 0.056250
0 0.464844 0.338542 0.042188 0.068750
0 0.554688 0.333333 0.043750 0.050000
0 0.536719 0.552083 0.035937 0.029167
0 0.475000 0.618750 0.025000 0.050000
0 0.575781 0.632292 0.029687 0.052083
0 0.903906 0.132292 0.026562 0.056250
0 0.962500 0.468750 0.037500 0.045833
0 0.842187 0.480208 0.028125 0.047917
0 0.753125 0.569792 0.031250 0.035417
0 0.778906 0.703125 0.029687 0.035417
0 0.910937 0.740625 0.025000 0.047917