0 0.100000 0.114583 0.040625 0.041667
0 0.233594 0.116667 0.042188 0.045833
0 0.306250 0.256250 0.034375 0.041667
0 0.259375 0.435417 0.037500 0.054167
0 0.066406 0.676042 0.035937 0.056250
0 0.277344 0.676042 0.035937 0.047917
0 0.195312 0.804167 0.025000 0.054167
0 0.462500 0.331250 0.031250 0.062500
0 0.554688 0.329167 0.028125 0.045833
0 0.534375 0.543750 0.028125 0.045833
0 0.473438 0.610417 0.034375 0.041667
0 0.578125 0.618750 0.031250 0.045833
0 0.906250 0.115625 0.028125 0.052083
0 0.964063 0.460417 0.031250 0.045833
0 0.844531 0.476042 0.042188 0.056250
0 0.749219 0.577083 0.035937 0.054167
0 0.772656 0.701042 0.035937 0.035417
0 0.910156 0.740625 0.026562 0.052083