0 0.101562 0.117708 0.031250 0.047917
0 0.233594 0.123958 0.032813 0.047917
0 0.300781 0.270833 0.039062 0.058333
0 0.256250 0.436458 0.037500 0.056250
0 0.067969 0.671875 0.035937 0.047917
0 0.274219 0.680208 0.032813 0.064583
0 0.193750 0.803125 0.025000 0.047917
0 0.462500 0.333333 0.025000 0.037500
0 0.552344 0.332292 0.023438 0.043750
0 0.534375 0.545833 0.025000 0.045833
0 0.472656 0.620833 0.029687 0.045833
0 0.575000 0.622917 0.021875 0.041667
0 0.750000 0.578125 0.031250 0.039583
0 0.842969 0.476042 0.029687 0.052083
0 0.966406 0.466667 0.035937 0.041667
0 0.779687 0.704167 0.040625 0.050000
0 0.914844 0.739583 0.035937 0.045833
0 0.907813 0.132292 0.037500 0.047917