0 0.101562 0.114583 0.053125 0.062500
0 0.238281 0.118750 0.051562 0.054167
0 0.306250 0.253125 0.050000 0.064583
0 0.258594 0.428125 0.054688 0.064583
0 0.275000 0.662500 0.056250 0.075000
0 0.073438 0.664583 0.046875 0.066667
0 0.199219 0.791667 0.042188 0.058333
0 0.477344 0.604167 0.051562 0.054167
0 0.580469 0.614583 0.051562 0.054167
0 0.544531 0.540625 0.057813 0.047917
0 0.453906 0.318750 0.048438 0.062500
0 0.556250 0.316667 0.050000 0.062500
0 0.750000 0.569792 0.046875 0.081250
0 0.772656 0.695833 0.054688 0.062500
0 0.905469 0.730208 0.060937 0.056250
0 0.838281 0.467708 0.045312 0.068750
0 0.964844 0.442708 0.057813 0.072917
0 0.908594 0.113542 0.048438 0.060417