0 0.100781 0.113542 0.057813 0.043750
0 0.221875 0.110417 0.056250 0.058333
0 0.300000 0.258333 0.059375 0.062500
0 0.251563 0.435417 0.065625 0.054167
0 0.277344 0.659375 0.054688 0.081250
0 0.074219 0.667708 0.057813 0.072917
0 0.194531 0.794792 0.060937 0.060417
0 0.472656 0.595833 0.048438 0.058333
0 0.573438 0.617708 0.053125 0.064583
0 0.531250 0.523958 0.062500 0.064583
0 0.460938 0.318750 0.053125 0.062500
0 0.553906 0.335417 0.039062 0.066667
0 0.750781 0.557292 0.048438 0.077083
0 0.775000 0.689583 0.050000 0.070833
0 0.914062 0.739583 0.053125 0.062500
0 0.834375 0.464583 0.056250 0.058333
0 0.960156 0.447917 0.048438 0.058333
0 0.903906 0.109375 0.051562 0.060417