0 0.079687 0.117708 0.040625 0.043750
0 0.219531 0.121875 0.032813 0.043750
0 0.289844 0.262500 0.035937 0.066667
0 0.248438 0.440625 0.040625 0.047917
0 0.269531 0.668750 0.042188 0.079167
0 0.190625 0.807292 0.037500 0.052083
0 0.055469 0.676042 0.035937 0.052083
0 0.450781 0.327083 0.032813 0.041667
0 0.544531 0.327083 0.035937 0.045833
0 0.525781 0.540625 0.029687 0.043750
0 0.566406 0.610417 0.026562 0.054167
0 0.464062 0.607292 0.037500 0.039583
0 0.741406 0.563542 0.045312 0.039583
0 0.829688 0.461458 0.046875 0.060417
0 0.766406 0.689583 0.035937 0.045833
0 0.900781 0.727083 0.035937 0.054167
0 0.951562 0.445833 0.040625 0.058333
0 0.889844 0.111458 0.039062 0.052083