0 0.078906 0.114583 0.039062 0.041667
0 0.221875 0.127083 0.040625 0.050000
0 0.285156 0.259375 0.045312 0.056250
0 0.245312 0.438542 0.037500 0.052083
0 0.265625 0.678125 0.040625 0.056250
0 0.185938 0.807292 0.034375 0.043750
0 0.055469 0.679167 0.045312 0.045833
0 0.450781 0.327083 0.042188 0.050000
0 0.539844 0.327083 0.042188 0.054167
0 0.526563 0.537500 0.031250 0.037500
0 0.566406 0.614583 0.032813 0.054167
0 0.464062 0.607292 0.031250 0.043750
0 0.739062 0.562500 0.037500 0.045833
0 0.764062 0.691667 0.040625 0.062500
0 0.905469 0.726042 0.045312 0.047917
0 0.828906 0.461458 0.032813 0.060417
0 0.953125 0.451042 0.043750 0.047917
0 0.888281 0.105208 0.042188 0.047917