0 0.089063 0.132292 0.037500 0.060417
0 0.218750 0.125000 0.034375 0.062500
0 0.293750 0.268750 0.043750 0.050000
0 0.251563 0.450000 0.043750 0.062500
0 0.059375 0.691667 0.028125 0.062500
0 0.274219 0.681250 0.032813 0.062500
0 0.193750 0.808333 0.034375 0.054167
0 0.465625 0.612500 0.034375 0.054167
0 0.571094 0.612500 0.029687 0.050000
0 0.531250 0.542708 0.040625 0.052083
0 0.452344 0.328125 0.035937 0.047917
0 0.543750 0.325000 0.034375 0.062500
0 0.883594 0.111458 0.035937 0.056250
0 0.949219 0.448958 0.054688 0.056250
0 0.828125 0.465625 0.053125 0.056250
0 0.737500 0.566667 0.053125 0.045833
0 0.764062 0.690625 0.037500 0.056250
0 0.903125 0.721875 0.037500 0.064583