0 0.087500 0.129167 0.025000 0.058333
0 0.224219 0.132292 0.039062 0.060417
0 0.290625 0.266667 0.040625 0.066667
0 0.251563 0.446875 0.043750 0.068750
0 0.270313 0.677083 0.046875 0.075000
0 0.065625 0.688542 0.040625 0.056250
0 0.190625 0.810417 0.050000 0.045833
0 0.471094 0.612500 0.029687 0.050000
0 0.531250 0.543750 0.034375 0.054167
0 0.565625 0.611458 0.028125 0.056250
0 0.446875 0.333333 0.028125 0.050000
0 0.543750 0.315625 0.040625 0.060417
0 0.736719 0.562500 0.035937 0.062500
0 0.823438 0.462500 0.034375 0.058333
0 0.764062 0.694792 0.037500 0.056250
0 0.896875 0.715625 0.034375 0.060417
0 0.946094 0.451042 0.045312 0.043750
0 0.883594 0.110417 0.057813 0.050000