0 0.066406 0.135417 0.035937 0.066667
0 0.196875 0.130208 0.034375 0.052083
0 0.271094 0.264583 0.042188 0.062500
0 0.233594 0.452083 0.039062 0.066667
0 0.044531 0.691667 0.039062 0.054167
0 0.260156 0.686458 0.057813 0.060417
0 0.183594 0.816667 0.048438 0.045833
0 0.433594 0.326042 0.045312 0.052083
0 0.522656 0.326042 0.035937 0.052083
0 0.508594 0.535417 0.035937 0.050000
0 0.454688 0.605208 0.034375 0.047917
0 0.553906 0.608333 0.023438 0.058333
0 0.734375 0.564583 0.062500 0.045833
0 0.752344 0.677083 0.045312 0.054167
0 0.878125 0.698958 0.046875 0.064583
0 0.807813 0.446875 0.056250 0.056250
0 0.925781 0.436458 0.039062 0.056250
0 0.862500 0.094792 0.053125 0.052083