0 0.082812 0.119792 0.034375 0.035417
0 0.220312 0.120833 0.031250 0.033333
0 0.289844 0.258333 0.032813 0.054167
0 0.247656 0.440625 0.042188 0.056250
0 0.267969 0.673958 0.039062 0.056250
0 0.185156 0.812500 0.035937 0.058333
0 0.059375 0.680208 0.037500 0.052083
0 0.466406 0.605208 0.039062 0.047917
0 0.528125 0.545833 0.034375 0.041667
0 0.565625 0.609375 0.034375 0.043750
0 0.449219 0.328125 0.026562 0.043750
0 0.543750 0.323958 0.037500 0.047917
0 0.831250 0.463542 0.037500 0.056250
0 0.739062 0.560417 0.031250 0.045833
0 0.765625 0.695833 0.031250 0.054167
0 0.906250 0.728125 0.043750 0.039583
0 0.950781 0.448958 0.032813 0.052083
0 0.886719 0.105208 0.039062 0.052083