0 0.096875 0.113542 0.028125 0.035417
0 0.228906 0.114583 0.029687 0.033333
0 0.303906 0.256250 0.032813 0.045833
0 0.256250 0.436458 0.046875 0.052083
0 0.066406 0.669792 0.035937 0.047917
0 0.272656 0.675000 0.045312 0.045833
0 0.194531 0.802083 0.045312 0.041667
0 0.475000 0.609375 0.031250 0.043750
0 0.535156 0.542708 0.035937 0.035417
0 0.575000 0.622917 0.034375 0.041667
0 0.460156 0.328125 0.035937 0.043750
0 0.550781 0.326042 0.035937 0.043750
0 0.750781 0.572917 0.039062 0.041667
0 0.778906 0.703125 0.035937 0.039583
0 0.910937 0.738542 0.040625 0.039583
0 0.834375 0.469792 0.034375 0.039583
0 0.961719 0.459375 0.035937 0.043750
0 0.901563 0.114583 0.037500 0.041667