0 0.060937 0.129167 0.034375 0.050000
0 0.200000 0.131250 0.034375 0.037500
0 0.269531 0.260417 0.042188 0.054167
0 0.232031 0.446875 0.039062 0.052083
0 0.257812 0.681250 0.043750 0.050000
0 0.182812 0.817708 0.050000 0.043750
0 0.043750 0.696875 0.037500 0.052083
0 0.451562 0.605208 0.018750 0.047917
0 0.513281 0.539583 0.029687 0.041667
0 0.549219 0.606250 0.029687 0.050000
0 0.431250 0.331250 0.031250 0.045833
0 0.524219 0.325000 0.029687 0.033333
0 0.722656 0.557292 0.045312 0.043750
0 0.753906 0.676042 0.029687 0.056250
0 0.883594 0.701042 0.045312 0.056250
0 0.813281 0.460417 0.032813 0.075000
0 0.925781 0.432292 0.048438 0.052083
0 0.863281 0.104167 0.042188 0.054167