0 0.081250 0.121875 0.037500 0.043750
0 0.214844 0.118750 0.051562 0.041667
0 0.288281 0.262500 0.039062 0.045833
0 0.251563 0.442708 0.043750 0.047917
0 0.265625 0.676042 0.034375 0.052083
0 0.055469 0.675000 0.039062 0.045833
0 0.181250 0.805208 0.034375 0.056250
0 0.463281 0.610417 0.042188 0.041667
0 0.524219 0.537500 0.032813 0.054167
0 0.568750 0.612500 0.037500 0.050000
0 0.446875 0.325000 0.028125 0.041667
0 0.542969 0.325000 0.029687 0.045833
0 0.741406 0.565625 0.042188 0.052083
0 0.830469 0.460417 0.045312 0.058333
0 0.953125 0.444792 0.050000 0.056250
0 0.764844 0.691667 0.054688 0.054167
0 0.899219 0.721875 0.039062 0.064583
0 0.890625 0.105208 0.037500 0.043750