0 0.103125 0.120833 0.018750 0.033333
0 0.235937 0.123958 0.021875 0.039583
0 0.298438 0.258333 0.028125 0.037500
0 0.262500 0.436458 0.025000 0.039583
0 0.070312 0.672917 0.028125 0.037500
0 0.274219 0.679167 0.039062 0.045833
0 0.193750 0.811458 0.021875 0.039583
0 0.476562 0.621875 0.034375 0.039583
0 0.532031 0.547917 0.026562 0.033333
0 0.577344 0.619792 0.017188 0.031250
0 0.459375 0.334375 0.025000 0.039583
0 0.556250 0.333333 0.021875 0.037500
0 0.905469 0.122917 0.017188 0.025000
0 0.841406 0.472917 0.023438 0.029167
0 0.963281 0.461458 0.026562 0.022917
0 0.750000 0.573958 0.028125 0.035417
0 0.775781 0.709375 0.029687 0.031250
0 0.910156 0.741667 0.023438 0.037500