0 0.065625 0.121875 0.025000 0.043750
0 0.200000 0.130208 0.034375 0.043750
0 0.271094 0.263542 0.032813 0.056250
0 0.232813 0.447917 0.040625 0.054167
0 0.046094 0.691667 0.035937 0.062500
0 0.256250 0.682292 0.050000 0.043750
0 0.181250 0.805208 0.046875 0.043750
0 0.517969 0.531250 0.051562 0.041667
0 0.452344 0.602083 0.029687 0.037500
0 0.550000 0.608333 0.034375 0.037500
0 0.859375 0.101042 0.046875 0.039583
0 0.434375 0.329167 0.034375 0.045833
0 0.521094 0.322917 0.023438 0.045833
0 0.809375 0.453125 0.043750 0.056250
0 0.728125 0.558333 0.040625 0.050000
0 0.753125 0.685417 0.040625 0.045833
0 0.928125 0.434375 0.043750 0.043750
0 0.887500 0.710417 0.050000 0.045833