0 0.095312 0.118750 0.034375 0.037500
0 0.232813 0.122917 0.031250 0.041667
0 0.296094 0.254167 0.039062 0.058333
0 0.258594 0.440625 0.035937 0.047917
0 0.070312 0.670833 0.028125 0.058333
0 0.275781 0.679167 0.039062 0.041667
0 0.196094 0.796875 0.032813 0.043750
0 0.474219 0.612500 0.039062 0.037500
0 0.460938 0.332292 0.028125 0.035417
0 0.553125 0.333333 0.034375 0.033333
0 0.536719 0.546875 0.035937 0.027083
0 0.573438 0.618750 0.037500 0.041667
0 0.843750 0.473958 0.031250 0.043750
0 0.748437 0.573958 0.034375 0.039583
0 0.772656 0.696875 0.039062 0.047917
0 0.909375 0.740625 0.040625 0.043750
0 0.964063 0.465625 0.034375 0.043750
0 0.902344 0.112500 0.032813 0.041667