0 0.099219 0.123958 0.026562 0.027083
0 0.232813 0.122917 0.018750 0.020833
0 0.309375 0.266667 0.031250 0.033333
0 0.260937 0.441667 0.028125 0.029167
0 0.070312 0.671875 0.028125 0.031250
0 0.275000 0.684375 0.031250 0.043750
0 0.196875 0.802083 0.028125 0.029167
0 0.460156 0.338542 0.023438 0.039583
0 0.553906 0.338542 0.026562 0.047917
0 0.534375 0.548958 0.018750 0.022917
0 0.471094 0.613542 0.017188 0.035417
0 0.572656 0.622917 0.023438 0.020833
0 0.903125 0.125000 0.021875 0.029167
0 0.843750 0.480208 0.025000 0.035417
0 0.963281 0.466667 0.026562 0.029167
0 0.749219 0.569792 0.023438 0.035417
0 0.773438 0.701042 0.018750 0.027083
0 0.909375 0.739583 0.021875 0.033333