0 0.064844 0.134375 0.035937 0.052083
0 0.196875 0.129167 0.037500 0.062500
0 0.269531 0.262500 0.045312 0.062500
0 0.232031 0.451042 0.048438 0.060417
0 0.254688 0.682292 0.040625 0.052083
0 0.044531 0.691667 0.054688 0.058333
0 0.186719 0.815625 0.048438 0.052083
0 0.430469 0.330208 0.035937 0.060417
0 0.523438 0.323958 0.050000 0.047917
0 0.511719 0.537500 0.029687 0.058333
0 0.454688 0.606250 0.028125 0.045833
0 0.553906 0.608333 0.039062 0.054167
0 0.717187 0.551042 0.056250 0.056250
0 0.750000 0.686458 0.053125 0.052083
0 0.882031 0.703125 0.042188 0.056250
0 0.810937 0.457292 0.050000 0.052083
0 0.929688 0.436458 0.046875 0.052083
0 0.863281 0.096875 0.048438 0.047917