0 0.102344 0.122917 0.032813 0.054167
0 0.232813 0.131250 0.037500 0.062500
0 0.301563 0.269792 0.034375 0.060417
0 0.257031 0.439583 0.048438 0.041667
0 0.275781 0.685417 0.035937 0.041667
0 0.069531 0.681250 0.035937 0.054167
0 0.199219 0.810417 0.023438 0.050000
0 0.464844 0.330208 0.042188 0.047917
0 0.557813 0.330208 0.037500 0.052083
0 0.533594 0.547917 0.023438 0.037500
0 0.476562 0.620833 0.031250 0.041667
0 0.576562 0.626042 0.031250 0.035417
0 0.908594 0.121875 0.032813 0.043750
0 0.964844 0.458333 0.042188 0.045833
0 0.838281 0.476042 0.032813 0.060417
0 0.754687 0.575000 0.037500 0.037500
0 0.781250 0.708333 0.046875 0.050000
0 0.912500 0.742708 0.040625 0.056250