0 0.101562 0.113542 0.040625 0.047917
0 0.236719 0.123958 0.039062 0.031250
0 0.305469 0.270833 0.048438 0.062500
0 0.257031 0.429167 0.048438 0.058333
0 0.067187 0.670833 0.040625 0.058333
0 0.283594 0.684375 0.048438 0.039583
0 0.200781 0.801042 0.051562 0.052083
0 0.472656 0.606250 0.035937 0.041667
0 0.575781 0.616667 0.042188 0.045833
0 0.542188 0.540625 0.050000 0.039583
0 0.467969 0.332292 0.048438 0.052083
0 0.548438 0.328125 0.053125 0.043750
0 0.744531 0.578125 0.054688 0.047917
0 0.777344 0.704167 0.054688 0.066667
0 0.910156 0.736458 0.039062 0.056250
0 0.834375 0.475000 0.046875 0.054167
0 0.959375 0.463542 0.043750 0.047917
0 0.903125 0.112500 0.046875 0.050000