0 0.100000 0.116667 0.037500 0.050000
0 0.236719 0.121875 0.032813 0.047917
0 0.306250 0.261458 0.037500 0.060417
0 0.260156 0.438542 0.032813 0.056250
0 0.064062 0.671875 0.031250 0.043750
0 0.274219 0.679167 0.035937 0.054167
0 0.196875 0.802083 0.028125 0.054167
0 0.459375 0.323958 0.028125 0.047917
0 0.556250 0.329167 0.031250 0.045833
0 0.537500 0.544792 0.028125 0.052083
0 0.475781 0.610417 0.023438 0.041667
0 0.578125 0.625000 0.034375 0.058333
0 0.907031 0.112500 0.035937 0.058333
0 0.964844 0.460417 0.029687 0.045833
0 0.841406 0.471875 0.045312 0.047917
0 0.749219 0.576042 0.042188 0.047917
0 0.775781 0.703125 0.039062 0.043750
0 0.909375 0.740625 0.031250 0.056250