0 0.064062 0.127083 0.037500 0.037500
0 0.196094 0.127083 0.029687 0.050000
0 0.272656 0.263542 0.035937 0.072917
0 0.237500 0.448958 0.043750 0.056250
0 0.044531 0.692708 0.035937 0.056250
0 0.258594 0.679167 0.039062 0.066667
0 0.450781 0.605208 0.032813 0.047917
0 0.512500 0.533333 0.028125 0.037500
0 0.553906 0.609375 0.026562 0.047917
0 0.432031 0.330208 0.042188 0.047917
0 0.522656 0.322917 0.039062 0.054167
0 0.866406 0.095833 0.035937 0.041667
0 0.928125 0.438542 0.043750 0.052083
0 0.810156 0.456250 0.048438 0.054167
0 0.727344 0.558333 0.048438 0.054167
0 0.747656 0.680208 0.039062 0.052083
0 0.886719 0.706250 0.051562 0.062500