0 0.081250 0.116667 0.031250 0.045833
0 0.223438 0.122917 0.034375 0.045833
0 0.291406 0.260417 0.032813 0.058333
0 0.248438 0.439583 0.046875 0.054167
0 0.264062 0.671875 0.040625 0.068750
0 0.185156 0.807292 0.035937 0.052083
0 0.057031 0.680208 0.039062 0.043750
0 0.464062 0.609375 0.040625 0.043750
0 0.525781 0.544792 0.029687 0.052083
0 0.566406 0.611458 0.039062 0.039583
0 0.446094 0.330208 0.026562 0.047917
0 0.539844 0.326042 0.032813 0.060417
0 0.741406 0.568750 0.042188 0.041667
0 0.766406 0.690625 0.032813 0.047917
0 0.900000 0.726042 0.037500 0.056250
0 0.826562 0.462500 0.037500 0.054167
0 0.950781 0.452083 0.039062 0.050000
0 0.888281 0.107292 0.035937 0.043750