0 0.071094 0.133333 0.054688 0.050000
0 0.202344 0.133333 0.035937 0.045833
0 0.270313 0.260417 0.031250 0.066667
0 0.227344 0.444792 0.057813 0.060417
0 0.252344 0.681250 0.039062 0.050000
0 0.045312 0.698958 0.040625 0.060417
0 0.175781 0.812500 0.032813 0.050000
0 0.452344 0.612500 0.035937 0.045833
0 0.510938 0.536458 0.028125 0.052083
0 0.557813 0.613542 0.040625 0.056250
0 0.431250 0.331250 0.028125 0.045833
0 0.525000 0.314583 0.028125 0.066667
0 0.725000 0.546875 0.046875 0.047917
0 0.751563 0.680208 0.043750 0.052083
0 0.886719 0.705208 0.039062 0.047917
0 0.807031 0.451042 0.045312 0.052083
0 0.927344 0.433333 0.035937 0.058333
0 0.864062 0.098958 0.059375 0.047917