0 0.095312 0.115625 0.028125 0.056250
0 0.233594 0.123958 0.026562 0.039583
0 0.300781 0.258333 0.032813 0.054167
0 0.257812 0.441667 0.040625 0.066667
0 0.277344 0.671875 0.042188 0.064583
0 0.067187 0.665625 0.040625 0.060417
0 0.196875 0.807292 0.040625 0.047917
0 0.467969 0.610417 0.042188 0.045833
0 0.572656 0.617708 0.042188 0.043750
0 0.532031 0.541667 0.042188 0.045833
0 0.460938 0.323958 0.031250 0.052083
0 0.555469 0.328125 0.042188 0.043750
0 0.901563 0.118750 0.043750 0.045833
0 0.834375 0.467708 0.046875 0.052083
0 0.748437 0.568750 0.040625 0.058333
0 0.772656 0.698958 0.039062 0.056250
0 0.954688 0.462500 0.040625 0.058333
0 0.910156 0.738542 0.048438 0.056250