0 0.093750 0.137500 0.018750 0.041667
0 0.222656 0.137500 0.010937 0.025000
0 0.294531 0.279167 0.023438 0.041667
0 0.256250 0.456250 0.034375 0.037500
0 0.064844 0.690625 0.035937 0.035417
0 0.275781 0.689583 0.039062 0.041667
0 0.195312 0.810417 0.034375 0.054167
0 0.453125 0.336458 0.025000 0.043750
0 0.544531 0.335417 0.029687 0.045833
0 0.529687 0.548958 0.028125 0.043750
0 0.470313 0.621875 0.031250 0.047917
0 0.571094 0.623958 0.029687 0.052083
0 0.889062 0.108333 0.050000 0.045833
0 0.828125 0.467708 0.037500 0.056250
0 0.745313 0.568750 0.040625 0.054167
0 0.766406 0.700000 0.026562 0.045833
0 0.904687 0.729167 0.025000 0.050000
0 0.948438 0.456250 0.050000 0.037500