0 0.082031 0.119792 0.045312 0.039583
0 0.221875 0.120833 0.043750 0.045833
0 0.288281 0.259375 0.035937 0.060417
0 0.249219 0.439583 0.042188 0.054167
0 0.266406 0.670833 0.045312 0.062500
0 0.184375 0.808333 0.040625 0.062500
0 0.058594 0.678125 0.042188 0.039583
0 0.467187 0.607292 0.043750 0.047917
0 0.525000 0.540625 0.037500 0.043750
0 0.566406 0.613542 0.035937 0.043750
0 0.448437 0.326042 0.031250 0.047917
0 0.542188 0.323958 0.037500 0.056250
0 0.739062 0.564583 0.034375 0.050000
0 0.767188 0.693750 0.037500 0.058333
0 0.903906 0.725000 0.042188 0.045833
0 0.830469 0.465625 0.035937 0.052083
0 0.949219 0.450000 0.039062 0.058333
0 0.888281 0.110417 0.042188 0.058333