0 0.096875 0.117708 0.031250 0.039583
0 0.232031 0.121875 0.039062 0.047917
0 0.297656 0.255208 0.039062 0.060417
0 0.257812 0.441667 0.031250 0.054167
0 0.067969 0.671875 0.035937 0.052083
0 0.196094 0.800000 0.042188 0.062500
0 0.277344 0.675000 0.045312 0.054167
0 0.473438 0.609375 0.031250 0.043750
0 0.532813 0.547917 0.034375 0.041667
0 0.573438 0.619792 0.031250 0.035417
0 0.459375 0.327083 0.028125 0.045833
0 0.553125 0.329167 0.037500 0.041667
0 0.900781 0.115625 0.035937 0.056250
0 0.839063 0.470833 0.043750 0.045833
0 0.957812 0.462500 0.043750 0.054167
0 0.752344 0.572917 0.039062 0.045833
0 0.775000 0.698958 0.037500 0.056250
0 0.911719 0.737500 0.042188 0.050000