0 0.064844 0.130208 0.029687 0.047917
0 0.195312 0.127083 0.031250 0.037500
0 0.270313 0.266667 0.034375 0.054167
0 0.228906 0.446875 0.045312 0.047917
0 0.045312 0.694792 0.034375 0.047917
0 0.173437 0.806250 0.050000 0.054167
0 0.255469 0.690625 0.054688 0.056250
0 0.449219 0.609375 0.035937 0.035417
0 0.514844 0.541667 0.035937 0.041667
0 0.553906 0.609375 0.042188 0.039583
0 0.431250 0.327083 0.021875 0.050000
0 0.522656 0.318750 0.032813 0.050000
0 0.865625 0.098958 0.028125 0.039583
0 0.807031 0.454167 0.039062 0.054167
0 0.725000 0.559375 0.028125 0.052083
0 0.752344 0.680208 0.042188 0.047917
0 0.888281 0.703125 0.051562 0.047917
0 0.928906 0.432292 0.045312 0.064583