0 0.092969 0.134375 0.026562 0.043750
0 0.225000 0.138542 0.031250 0.035417
0 0.298438 0.268750 0.031250 0.041667
0 0.255469 0.454167 0.039062 0.037500
0 0.070312 0.689583 0.028125 0.033333
0 0.278125 0.683333 0.040625 0.037500
0 0.527344 0.550000 0.035937 0.037500
0 0.471875 0.621875 0.025000 0.043750
0 0.197656 0.814583 0.026562 0.058333
0 0.451562 0.336458 0.028125 0.047917
0 0.543750 0.337500 0.031250 0.050000
0 0.825781 0.467708 0.039062 0.035417
0 0.746875 0.569792 0.034375 0.039583
0 0.770312 0.700000 0.040625 0.037500
0 0.903125 0.727083 0.031250 0.050000
0 0.949219 0.458333 0.035937 0.037500
0 0.884375 0.116667 0.031250 0.033333