0 0.103125 0.116667 0.037500 0.050000
0 0.232813 0.122917 0.037500 0.050000
0 0.301563 0.256250 0.037500 0.050000
0 0.260937 0.435417 0.037500 0.050000
0 0.062500 0.675000 0.037500 0.050000
0 0.271875 0.677083 0.037500 0.050000
0 0.196875 0.802083 0.037500 0.050000
0 0.467187 0.616667 0.037500 0.050000
0 0.531250 0.541667 0.037500 0.050000
0 0.579688 0.627083 0.037500 0.050000
0 0.456250 0.331250 0.037500 0.050000
0 0.556250 0.331250 0.037500 0.050000
0 0.907031 0.123958 0.060937 0.064583
0 0.961719 0.461458 0.060937 0.064583
0 0.842969 0.478125 0.060937 0.064583
0 0.746094 0.557292 0.060937 0.064583
0 0.771094 0.707292 0.060937 0.064583
0 0.913281 0.744792 0.060937 0.064583