0 0.084375 0.116667 0.031250 0.050000
0 0.219531 0.117708 0.042188 0.043750
0 0.289062 0.259375 0.034375 0.064583
0 0.249219 0.447917 0.042188 0.054167
0 0.270313 0.678125 0.040625 0.056250
0 0.185156 0.808333 0.026562 0.058333
0 0.056250 0.684375 0.040625 0.043750
0 0.467187 0.613542 0.040625 0.043750
0 0.527344 0.544792 0.029687 0.056250
0 0.567187 0.617708 0.031250 0.039583
0 0.450000 0.327083 0.034375 0.045833
0 0.544531 0.328125 0.048438 0.056250
0 0.764844 0.692708 0.048438 0.052083
0 0.901563 0.731250 0.043750 0.058333
0 0.739062 0.567708 0.037500 0.043750
0 0.831250 0.465625 0.050000 0.056250
0 0.954688 0.454167 0.053125 0.058333
0 0.892188 0.108333 0.034375 0.050000