0 0.107031 0.125000 0.045312 0.058333
0 0.232031 0.123958 0.032813 0.039583
0 0.307812 0.268750 0.043750 0.070833
0 0.261719 0.450000 0.035937 0.058333
0 0.275781 0.676042 0.045312 0.064583
0 0.067969 0.677083 0.032813 0.058333
0 0.464062 0.339583 0.040625 0.050000
0 0.553125 0.330208 0.034375 0.039583
0 0.533594 0.546875 0.035937 0.043750
0 0.476562 0.613542 0.034375 0.043750
0 0.574219 0.622917 0.039062 0.041667
0 0.903125 0.121875 0.031250 0.039583
0 0.962500 0.466667 0.040625 0.041667
0 0.845313 0.477083 0.046875 0.050000
0 0.757812 0.575000 0.046875 0.050000
0 0.772656 0.702083 0.035937 0.045833
0 0.912500 0.738542 0.037500 0.052083
0 0.195312 0.812500 0.025000 0.058333