0 0.100781 0.108333 0.032813 0.054167
0 0.235937 0.115625 0.034375 0.043750
0 0.310156 0.257292 0.042188 0.052083
0 0.264062 0.431250 0.040625 0.045833
0 0.066406 0.669792 0.029687 0.052083
0 0.278906 0.678125 0.035937 0.047917
0 0.476562 0.609375 0.031250 0.043750
0 0.538281 0.539583 0.029687 0.045833
0 0.576562 0.615625 0.034375 0.043750
0 0.459375 0.326042 0.028125 0.047917
0 0.557031 0.332292 0.032813 0.043750
0 0.910156 0.113542 0.035937 0.043750
0 0.963281 0.463542 0.035937 0.060417
0 0.845313 0.467708 0.046875 0.052083
0 0.750781 0.572917 0.045312 0.050000
0 0.775000 0.703125 0.034375 0.052083
0 0.910156 0.737500 0.029687 0.050000
0 0.196875 0.807292 0.028125 0.064583