0 0.102344 0.121875 0.026562 0.031250
0 0.229687 0.126042 0.031250 0.031250
0 0.302344 0.253125 0.032813 0.039583
0 0.261719 0.442708 0.026562 0.031250
0 0.274219 0.676042 0.029687 0.043750
0 0.067187 0.669792 0.031250 0.035417
0 0.198437 0.802083 0.031250 0.037500
0 0.473438 0.613542 0.031250 0.031250
0 0.575781 0.628125 0.029687 0.035417
0 0.531250 0.547917 0.031250 0.041667
0 0.462500 0.334375 0.028125 0.039583
0 0.554688 0.329167 0.034375 0.037500
0 0.752344 0.576042 0.032813 0.043750
0 0.839844 0.475000 0.029687 0.037500
0 0.962500 0.462500 0.031250 0.041667
0 0.778125 0.701042 0.028125 0.047917
0 0.910156 0.737500 0.029687 0.041667
0 0.907813 0.119792 0.031250 0.039583