0 0.063281 0.122917 0.045312 0.058333
0 0.197656 0.130208 0.032813 0.047917
0 0.273438 0.265625 0.034375 0.052083
0 0.231250 0.444792 0.046875 0.047917
0 0.260156 0.685417 0.035937 0.066667
0 0.042188 0.689583 0.046875 0.058333
0 0.180469 0.821875 0.042188 0.047917
0 0.452344 0.607292 0.035937 0.043750
0 0.549219 0.603125 0.039062 0.047917
0 0.510156 0.529167 0.045312 0.041667
0 0.430469 0.331250 0.035937 0.054167
0 0.525000 0.323958 0.040625 0.047917
0 0.728125 0.555208 0.050000 0.052083
0 0.760156 0.679167 0.057813 0.050000
0 0.885938 0.707292 0.031250 0.064583
0 0.809375 0.455208 0.043750 0.068750
0 0.927344 0.431250 0.045312 0.058333
0 0.860938 0.095833 0.043750 0.045833