0 0.058594 0.130208 0.035937 0.056250
0 0.199219 0.132292 0.032813 0.060417
0 0.271094 0.264583 0.035937 0.062500
0 0.230469 0.443750 0.051562 0.070833
0 0.256250 0.689583 0.053125 0.075000
0 0.041406 0.692708 0.045312 0.060417
0 0.178125 0.814583 0.056250 0.041667
0 0.435156 0.325000 0.045312 0.066667
0 0.527344 0.323958 0.032813 0.060417
0 0.514844 0.535417 0.039062 0.054167
0 0.450000 0.605208 0.040625 0.056250
0 0.563281 0.608333 0.057813 0.058333
0 0.865625 0.100000 0.031250 0.041667
0 0.808594 0.456250 0.048438 0.070833
0 0.927344 0.439583 0.026562 0.075000
0 0.721875 0.552083 0.046875 0.054167
0 0.746094 0.676042 0.054688 0.068750
0 0.884375 0.705208 0.037500 0.085417