0 0.093750 0.115625 0.034375 0.043750
0 0.229687 0.121875 0.037500 0.043750
0 0.298438 0.256250 0.037500 0.045833
0 0.255469 0.438542 0.032813 0.047917
0 0.272656 0.672917 0.042188 0.041667
0 0.064062 0.667708 0.034375 0.052083
0 0.194531 0.804167 0.032813 0.037500
0 0.471094 0.610417 0.029687 0.041667
0 0.576562 0.619792 0.037500 0.043750
0 0.535937 0.546875 0.034375 0.039583
0 0.456250 0.332292 0.034375 0.035417
0 0.550781 0.328125 0.029687 0.047917
0 0.902344 0.114583 0.039062 0.045833
0 0.838281 0.464583 0.039062 0.045833
0 0.960156 0.461458 0.032813 0.047917
0 0.748437 0.570833 0.037500 0.054167
0 0.778906 0.708333 0.039062 0.045833
0 0.906250 0.732292 0.031250 0.043750