0 0.103906 0.117708 0.032813 0.043750
0 0.230469 0.119792 0.032813 0.043750
0 0.300781 0.261458 0.032813 0.043750
0 0.260156 0.436458 0.032813 0.043750
0 0.071094 0.671875 0.032813 0.043750
0 0.272656 0.669792 0.032813 0.043750
0 0.194531 0.811458 0.032813 0.043750
0 0.469531 0.615625 0.032813 0.043750
0 0.535156 0.542708 0.032813 0.043750
0 0.572656 0.617708 0.032813 0.043750
0 0.552344 0.330208 0.032813 0.043750
0 0.458594 0.328125 0.032813 0.043750
0 0.908594 0.126042 0.032813 0.043750
0 0.961719 0.457292 0.032813 0.043750
0 0.842969 0.467708 0.032813 0.043750
0 0.745313 0.567708 0.031250 0.060417
0 0.770312 0.709375 0.031250 0.060417
0 0.914062 0.738542 0.031250 0.060417