0 0.105469 0.119792 0.042188 0.047917
0 0.238281 0.123958 0.042188 0.047917
0 0.300781 0.261458 0.042188 0.047917
0 0.265625 0.431250 0.046875 0.062500
0 0.064062 0.668750 0.046875 0.062500
0 0.279687 0.677083 0.046875 0.062500
0 0.201563 0.812500 0.046875 0.062500
0 0.470313 0.618750 0.046875 0.062500
0 0.531250 0.547917 0.046875 0.062500
0 0.581250 0.627083 0.046875 0.062500
0 0.915625 0.752083 0.046875 0.062500
0 0.773438 0.712500 0.046875 0.062500
0 0.743750 0.572917 0.046875 0.062500
0 0.832812 0.466667 0.046875 0.062500
0 0.968750 0.464583 0.046875 0.062500
0 0.903125 0.120833 0.046875 0.062500
0 0.554688 0.331250 0.046875 0.062500
0 0.457813 0.335417 0.046875 0.062500