0 0.103906 0.127083 0.035937 0.050000
0 0.230469 0.127083 0.035937 0.050000
0 0.302344 0.262500 0.035937 0.050000
0 0.264844 0.433333 0.035937 0.050000
0 0.067969 0.672917 0.035937 0.050000
0 0.282031 0.679167 0.035937 0.050000
0 0.194531 0.804167 0.035937 0.050000
0 0.469531 0.618750 0.035937 0.050000
0 0.533594 0.547917 0.035937 0.050000
0 0.578906 0.627083 0.035937 0.050000
0 0.457031 0.329167 0.035937 0.050000
0 0.558594 0.327083 0.035937 0.050000
0 0.911719 0.131250 0.035937 0.050000
0 0.960156 0.454167 0.035937 0.050000
0 0.839844 0.475000 0.035937 0.050000
0 0.753906 0.564583 0.035937 0.050000
0 0.772656 0.706250 0.035937 0.050000
0 0.916406 0.743750 0.035937 0.050000