0 0.058594 0.127083 0.048438 0.045833
0 0.199219 0.130208 0.032813 0.052083
0 0.275781 0.265625 0.039062 0.064583
0 0.231250 0.441667 0.037500 0.066667
0 0.255469 0.677083 0.042188 0.062500
0 0.048438 0.693750 0.046875 0.050000
0 0.177344 0.809375 0.039062 0.052083
0 0.429688 0.327083 0.028125 0.050000
0 0.524219 0.321875 0.026562 0.047917
0 0.512500 0.539583 0.028125 0.041667
0 0.454688 0.611458 0.037500 0.052083
0 0.554688 0.608333 0.034375 0.054167
0 0.860938 0.096875 0.031250 0.056250
0 0.924219 0.432292 0.035937 0.052083
0 0.808594 0.454167 0.039062 0.054167
0 0.724219 0.554167 0.045312 0.050000
0 0.753906 0.681250 0.042188 0.054167
0 0.889062 0.706250 0.028125 0.070833