0 0.079687 0.113542 0.037500 0.052083
0 0.218750 0.116667 0.040625 0.045833
0 0.286719 0.257292 0.048438 0.056250
0 0.244531 0.442708 0.045312 0.056250
0 0.264844 0.668750 0.045312 0.066667
0 0.188281 0.807292 0.035937 0.052083
0 0.059375 0.681250 0.043750 0.037500
0 0.462500 0.610417 0.034375 0.045833
0 0.529687 0.538542 0.043750 0.039583
0 0.564844 0.616667 0.029687 0.050000
0 0.446875 0.326042 0.034375 0.064583
0 0.539844 0.327083 0.035937 0.054167
0 0.735156 0.560417 0.048438 0.054167
0 0.769531 0.693750 0.039062 0.050000
0 0.900000 0.726042 0.037500 0.052083
0 0.832031 0.461458 0.042188 0.056250
0 0.950781 0.444792 0.048438 0.064583
0 0.886719 0.104167 0.045312 0.045833