0 0.100000 0.113542 0.040625 0.035417
0 0.230469 0.120833 0.032813 0.029167
0 0.303125 0.262500 0.046875 0.041667
0 0.253906 0.440625 0.039062 0.043750
0 0.272656 0.678125 0.045312 0.039583
0 0.069531 0.672917 0.035937 0.045833
0 0.198437 0.803125 0.043750 0.047917
0 0.472656 0.613542 0.032813 0.039583
0 0.571875 0.622917 0.031250 0.033333
0 0.534375 0.545833 0.034375 0.041667
0 0.457813 0.332292 0.037500 0.052083
0 0.550781 0.329167 0.039062 0.041667
0 0.773438 0.703125 0.034375 0.039583
0 0.750000 0.575000 0.040625 0.037500
0 0.840625 0.473958 0.037500 0.043750
0 0.908594 0.738542 0.035937 0.047917
0 0.965625 0.463542 0.037500 0.035417
0 0.903906 0.116667 0.035937 0.037500