0 0.081250 0.115625 0.028125 0.047917
0 0.219531 0.121875 0.039062 0.043750
0 0.291406 0.261458 0.039062 0.047917
0 0.248438 0.447917 0.046875 0.087500
0 0.266406 0.675000 0.039062 0.062500
0 0.188281 0.809375 0.032813 0.056250
0 0.057813 0.678125 0.043750 0.047917
0 0.464844 0.605208 0.035937 0.039583
0 0.526563 0.536458 0.031250 0.052083
0 0.564844 0.614583 0.039062 0.058333
0 0.447656 0.327083 0.029687 0.041667
0 0.538281 0.320833 0.039062 0.045833
0 0.741406 0.563542 0.060937 0.060417
0 0.764844 0.694792 0.035937 0.047917
0 0.903125 0.726042 0.040625 0.047917
0 0.827344 0.462500 0.032813 0.050000
0 0.948438 0.448958 0.037500 0.052083
0 0.888281 0.103125 0.035937 0.052083