0 0.098437 0.121875 0.028125 0.043750
0 0.232031 0.121875 0.026562 0.043750
0 0.311719 0.263542 0.035937 0.047917
0 0.262500 0.442708 0.046875 0.064583
0 0.075000 0.682292 0.062500 0.068750
0 0.278906 0.679167 0.032813 0.062500
0 0.198437 0.802083 0.028125 0.050000
0 0.461719 0.343750 0.032813 0.062500
0 0.552344 0.332292 0.032813 0.047917
0 0.531250 0.547917 0.037500 0.041667
0 0.475781 0.616667 0.029687 0.041667
0 0.575000 0.622917 0.031250 0.050000
0 0.903125 0.132292 0.040625 0.068750
0 0.967187 0.468750 0.034375 0.070833
0 0.840625 0.475000 0.034375 0.045833
0 0.750781 0.577083 0.039062 0.050000
0 0.780469 0.710417 0.035937 0.075000
0 0.914844 0.736458 0.045312 0.060417