0 0.103906 0.127083 0.035937 0.045833
0 0.232031 0.125000 0.039062 0.045833
0 0.301563 0.262500 0.037500 0.050000
0 0.258594 0.436458 0.039062 0.052083
0 0.071094 0.668750 0.032813 0.058333
0 0.274219 0.673958 0.039062 0.047917
0 0.196094 0.798958 0.029687 0.056250
0 0.475000 0.611458 0.034375 0.043750
0 0.537500 0.552083 0.046875 0.041667
0 0.579688 0.622917 0.034375 0.045833
0 0.460156 0.326042 0.032813 0.056250
0 0.559375 0.334375 0.046875 0.056250
0 0.775781 0.703125 0.039062 0.047917
0 0.750000 0.572917 0.040625 0.041667
0 0.838281 0.475000 0.039062 0.050000
0 0.908594 0.740625 0.042188 0.047917
0 0.908594 0.121875 0.042188 0.039583
0 0.962500 0.457292 0.043750 0.052083